-399 147 11 23 5 -17 -22 -11 -7 -9 -19 -13 -5 0 -1 2 3 3 -2 1 8 13 7 -2
-323 120 -19 25 9 3 -9 2 0 2 -6 -1 -6 0 -5 4 -6 0 3 11 10 12 0 3
-211 219 -57 17 6 4 -3 4 10 4 -3 -8 -6 2 -4 -8 -5 -14 -10 5 -5 -10 -5 -4
-384 190 -20 6 7 -8 -11 -3 -9 -4 -15 -7 -9 -7 -4 1 -1 -1 -1 -2 -2 -5 0 0
-387 129 -14 21 1 -4 -14 -3 -11 2 -9 -5 -11 -3 -7 -2 -12 -8 -9 0 -9 -3 -7 -5
-328 133 -14 10 11 5 -7 -5 -10 2 -3 8 -4 6 -3 -9 -15 -2 -6 -1 -12 -7 4 11
-273 128 -8 17 -4 -1 -10 7 -4 1 -11 -5 -13 -4 -10 -7 -7 -4 -4 0 -4 -4 -5 0
-221 178 -37 20 -8 -19 -13 -4 -11 -10 -16 -10 -15 -14 -10 -10 -12 -12 -9 -12 -13 -9 0 0
-328 142 -47 59 16 0 -11 4 -3 -3 -6 -8 -11 -11 -6 -1 -6 -2 -2 0 -1 0 -6 -3
-326 120 -21 36 10 0 -1 3 0 7 -8 1 -7 0 -1 -10 -7 7 9 16 14 10 1 -5
-337 157 -16 32 2 6 3 2 -7 0 -7 -3 -5 0 -3 -2 -7 -7 -4 3 2 1 -4 0
-326 129 -50 70 11 0 -9 0 -6 -3 -3 -8 -12 -9 -5 4 2 0 -2 -1 -4 -4 -8 1
-352 209 -16 7 12 2 -7 3 -1 -6 -12 -5 -2 -5 -6 -5 -8 -7 -7 0 -8 -7 -4 0
-261 89 -33 4 -9 -18 -17 -8 -6 4 -9 0 -4 16 5 13 -6 6 8 4 -12 -6 9 17
-20 81 -2 56 5 17 2 14 0 7 -6 3 -6 3 -7 0 -8 -2 -9 -1 -5 2 -5 -6
-399 169 -26 12 11 -8 -25 6 1 7 4 3 -13 -12 -10 -3 -16 -5 -10 0 -4 -2 1 0
-334 128 -20 28 9 -1 -12 -2 -6 0 -4 -9 -6 -4 -9 1 -1 0 -2 1 -1 6 10 23
-98 94 6 17 13 15 -13 10 5 13 0 2 -6 -3 -5 0 -5 -4 -10 -3 -6 2 -8 -5
-315 179 -22 28 18 -5 -12 0 0 1 -3 -4 -16 -12 -15 -15 -7 -3 -5 -4 -7 -4 -1 -2
-337 140 -24 16 2 6 -11 -7 -11 -1 -11 -2 -2 8 0 -1 -10 3 9 3 -14 -11 -2 5
-413 147 -10 21 6 1 -16 5 4 -3 -12 -3 -9 -7 -11 -4 -6 -1 -2 -1 -4 0 -3 -2
-400 115 -31 21 10 2 -8 -1 -5 5 -1 7 2 7 -7 -6 -1 12 11 26 13 6 -1 0
-119 102 4 21 13 3 -11 -1 -7 0 -4 0 -12 -5 -8 -4 -9 -2 -10 -8 -7 0 -1 1
-114 103 -3 40 15 14 1 5 2 -4 -19 -1 -7 -1 -10 -8 -7 2 -10 -2 -15 -12 -7 3
-7 96 -33 35 5 7 3 11 -2 4 -1 -2 -6 6 -9 5 -7 0 -4 -3 -9 1 -5 -5
-570 123 -8 33 16 2 2 2 -1 -1 -4 4 13 15 7 4 -7 -3 -9 -11 3 17 16 10
-107 113 -41 19 24 2 1 3 0 7 -14 -6 -17 -4 -7 6 -8 0 -12 6 -4 -4 -6 -6
-333 106 -25 20 0 0 -12 -5 -6 -1 -10 -4 -6 0 -6 12 14 23 17 10 4 8 3 16
-311 126 -20 32 5 4 -9 0 -5 -1 -6 1 2 3 -4 4 -4 -3 -3 5 5 5 0 3
-290 103 -29 18 2 1 -9 2 -2 2 -5 0 1 8 -4 4 -2 1 1 5 2 8 12 13
-478 162 -23 20 22 -16 -12 5 3 -5 -15 -12 -14 -11 0 -3 -8 -1 -8 -8 0 4 7 6
-35 142 -62 53 -3 -3 -11 0 -4 0 -6 -4 -6 -5 -8 0 -11 2 -6 -9 -7 -5 -10 -6
-307 165 19 31 33 14 3 -2 -3 -3 -2 0 -4 -10 -13 -8 -6 -4 -5 -11 -10 -9 -13 -10
-353 193 20 35 31 5 10 9 -3 -4 -5 -9 -17 -20 -10 -6 -3 -1 -12 -10 -4 -5 -3 -7
-101 117 -11 51 11 7 4 7 -5 2 -7 -2 -1 1 -4 -2 -11 -4 -2 0 -2 3 2 6
-302 156 -51 53 13 0 -15 -11 -3 -16 -17 -13 -1 -9 -9 -2 -6 -6 -1 2 0 -4 0 3
-249 147 -30 29 4 3 -6 -1 -4 5 -6 0 0 2 -5 0 -5 2 -2 2 3 13 2 0
-13 108 -37 41 2 8 2 13 -2 4 0 -1 -6 5 -8 1 -10 -6 -8 -4 -8 2 -4 1
-478 77 -31 30 -2 -12 -14 6 -4 -4 0 -4 -26 -6 -6 0 -13 1 -3 4 -4 -17 -22 -19
-224 120 -29 21 -2 -8 -12 -7 -12 -9 -19 -8 -9 2 0 4 -1 2 -2 1 -3 4 5 7
-101 100 -10 36 2 16 1 2 -1 -8 -15 6 -10 -2 -7 -2 -4 1 -12 -3 -13 -9 -8 5
-320 165 -31 12 12 -1 -18 -7 -15 -16 -18 -15 -4 4 4 -1 -15 -17 -17 -9 -11 -15 -17 -7
-264 116 -1 13 -2 2 -19 -8 -15 -9 -18 -11 -5 3 -18 -2 0 5 0 -5 0 8 3 0
-225 142 -25 28 3 -1 0 2 0 4 -9 -1 -15 -5 -5 -2 -12 -7 -12 -5 -5 2 1 3
-195 121 -5 34 7 5 -13 3 0 3 -2 -3 -16 -10 -14 -7 -7 0 -1 2 -2 -4 -8 -5
-266 128 -34 18 -3 -1 -20 -9 -9 0 -6 -6 -4 -3 -12 0 0 9 5 7 -2 6 3 11
-318 203 -14 9 11 0 -9 8 -2 -12 -15 -6 -6 -4 -5 -6 -4 -1 -3 3 -2 -4 -5 -8
-82 78 9 18 3 9 2 15 13 7 -12 0 1 6 -3 6 0 5 -3 -2 -4 2 -1 0
-21 75 5 38 9 18 0 10 2 9 1 8 3 4 -2 5 1 4 0 3 -2 0 -2 0
-120 99 -14 23 9 1 -14 -2 -11 0 -5 -2 -9 -2 -10 -5 -13 0 -8 -6 -5 3 0 1
-402 123 -23 32 0 0 -12 1 -11 0 -16 -7 -9 4 -3 2 -4 -1 -9 0 -3 -2 -7 -3
-401 122 -12 24 -4 -6 -16 -4 -6 1 0 8 6 8 -2 3 4 12 10 5 -10 0 3 6
-104 119 -50 17 19 0 -3 0 -1 7 -12 -7 -11 1 -9 -1 -15 -6 -15 1 -4 -15 -11 -5
-187 154 -28 34 13 13 -2 3 -3 -2 -9 -3 -7 -8 -13 -1 -11 -5 -6 -2 -4 -6 -6 -3
-287 133 -47 56 -2 5 -13 -11 -12 0 -2 -9 -2 -8 -5 2 5 5 11 5 6 9 5 0
-261 181 -8 21 19 14 -5 -4 -7 -3 -1 -4 -5 5 0 5 -4 0 -9 -14 0 1 -4 -12
-308 162 -7 24 -2 5 -22 15 -13 -12 -19 -31 1 -13 -8 -6 -17 0 -10 3 -9 -1 -4 -10
-129 58 -35 34 -11 3 -5 2 -5 0 -18 5 9 3 -8 5 -3 -3 -8 -5 -14 -3 -2 4
-407 126 -7 21 1 -4 -7 3 -8 -4 -21 -12 -8 -3 1 4 -2 0 0 -2 -7 0 0 0
-297 126 -39 28 11 4 -4 3 -6 2 -5 0 -4 4 -5 8 -2 7 -2 0 -7 1 -5 -8
-3 83 -13 30 7 15 -4 15 -3 6 -8 5 -7 2 -3 0 -7 2 -2 0 -6 -5 -14 -6
7 102 -11 28 4 14 0 8 -1 5 -1 0 -9 2 -3 1 -3 1 -7 0 -4 0 -5 -1
-19 75 3 37 7 17 0 7 5 12 0 5 1 3 -2 2 -4 -4 -5 5 0 0 -6 2
-237 127 -32 21 -6 5 -7 0 0 2 -7 -4 -14 -2 -2 5 -10 -8 -4 4 -16 -15 -5 -7
-263 157 13 34 25 4 -1 2 -3 0 -10 5 2 1 -2 0 -9 -4 -1 4 -1 -5 -9 -8
-271 137 -34 56 0 6 -2 1 -6 0 0 -7 -3 -6 0 4 10 3 -2 -6 -3 -3 -1 2
-292 132 12 16 -3 -5 -10 -2 -10 4 -12 -2 -8 -1 0 9 3 4 -17 -4 -2 8 3 -4
-8 93 -22 32 6 15 -4 13 -3 10 -6 3 -6 2 -8 0 -5 7 -2 -1 -5 -1 -10 1
-61 85 -36 32 8 25 -8 8 5 4 -7 -8 -9 3 -5 5 -3 -2 -12 14 7 5 -9 0
-239 89 -25 22 0 -2 -14 -4 -3 0 -15 -8 -7 -4 -15 2 1 6 2 6 4 12 13 17
-436 149 -21 38 3 -5 -12 -8 -11 -11 -15 -7 -6 -12 -15 -8 -2 0 -4 -3 -12 -9 3 11
-323 192 -2 27 30 3 0 5 -2 -9 -10 -5 -15 -16 -12 -6 -2 4 -22 -16 -3 -2 -2 -4
-156 128 -19 41 8 0 -2 2 -7 -11 -11 -1 -7 -2 -1 0 -8 -2 -11 -10 -15 -6 -9 -6
-316 168 -7 24 -16 -1 -6 -11 -4 -7 -19 -8 -6 -2 -4 1 -2 -10 -14 -1 0 -4 -7 2
-339 111 -18 30 5 2 -7 0 -5 1 -7 -8 -1 5 -8 2 0 3 -2 10 4 6 -3 0
-303 143 -50 68 6 -8 -12 0 -4 -7 -6 -5 -4 -10 -12 -1 0 -4 -4 -5 -6 0 -1 -2
-132 135 -18 31 7 -7 -17 8 1 0 -12 0 -9 -6 -14 -10 -20 -4 -8 -7 -3 -9 -12 -14
-364 107 -21 11 0 -1 -22 -2 -7 -5 -8 0 -5 2 -3 1 3 12 6 2 3 8 6 2
-499 104 -14 19 8 19 -1 12 1 0 0 6 -3 -3 -5 5 -1 -5 -12 5 10 25 9 0
-222 130 -6 42 3 23 3 6 -22 -14 -10 15 10 12 2 3 5 14 3 -10 -30 -6 21 11
-651 146 36 39 27 9 11 17 7 4 0 -1 -1 0 -1 0 -3 -2 -3 -1 0 1 4 6
-2 93 -19 33 4 13 -6 14 -2 10 -7 6 -4 7 -2 3 -6 4 -2 -1 -5 -1 -10 -1
-397 178 -7 18 25 4 -14 4 2 -1 -5 2 -8 -6 -10 -6 -6 0 -8 -4 0 1 0 0
-276 122 -35 21 -9 -9 -15 -9 -16 -1 -14 -11 -8 -3 -7 0 0 6 7 9 13 15 8 1
-120 125 -24 44 5 11 -3 15 -2 -5 0 -5 -8 0 -2 0 -6 1 -7 -2 -9 -7 -3 -5
-385 143 -3 32 5 2 -11 -2 -4 -1 -11 -2 -4 -8 -7 -2 -6 -2 -10 -6 -7 1 7 11
-74 116 -23 -2 3 5 -10 -2 5 -3 -7 2 -7 1 2 -3 -7 3 -9 6 -5 7 -2 -2
-388 86 -21 24 2 -3 -13 -5 -8 -5 -4 4 -10 -2 -4 -3 -1 6 -2 -4 1 16 25 9
-410 203 -16 9 7 -8 -10 -2 -10 -9 -11 -5 -8 -6 -4 -3 -9 -7 -3 -1 -2 -5 -1 0
-256 133 -46 76 -2 0 -23 -8 -9 -4 -3 0 -4 -6 -8 0 13 15 2 -11 -21 -16 -3 5
-39 85 14 28 6 17 0 7 6 6 -3 2 -5 2 -3 -1 -4 5 -1 3 -4 -5 -5 4
-333 152 -10 29 10 0 -3 -1 -2 1 -2 5 -8 -6 -5 -1 2 4 -9 -2 0 0 -2 -1
-297 55 -35 -2 -14 -22 -6 14 26 27 -10 -17 -21 21 17 9 -5 10 -2 -16 -15 8 14 15
-9 111 -3 29 1 13 -4 7 0 8 0 3 -9 -4 -3 3 -2 1 1 0 -7 3 -4 -3
-28 93 -8 25 19 16 -2 17 5 6 -6 1 2 6 0 8 -1 3 -1 4 0 -1 -1 0
-162 139 -11 40 8 13 0 11 2 -2 -1 1 -11 -4 -5 -4 -8 0 -6 -4 -14 -8 -6 -3
-258 184 -36 19 -5 -24 -20 -2 -3 -8 -16 -10 -10 -10 -5 -7 -14 -15 -12 -6 -2 -10 -5 -9
-237 136 -21 19 3 -7 -7 -2 -3 -1 -12 -1 -11 1 -2 8 0 0 -4 0 0 4 2 4
-308 155 28 31 26 11 1 2 -1 2 -5 7 1 0 -7 -4 -10 -4 -3 4 0 -3 -12 -10
-239 147 -42 10 -15 -2 -17 -3 -4 1 -14 -5 -8 3 -1 2 0 -2 -14 -4 0 1 -9 -2
-312 158 -40 35 -4 0 -9 -2 -2 1 -7 -4 -10 -7 -3 0 -3 -4 0 1 -4 -3 -6 -3
-309 158 -34 49 -14 5 -14 3 -1 0 -1 5 -6 0 -6 -5 7 -8 8 -9 6 7 6 3
-292 155 -25 21 -7 -18 -22 -19 -15 1 -12 0 -9 -11 -7 -5 -8 -2 -1 18 2 -8 -6 0
-188 106 -19 54 26 32 0 -5 0 -5 -22 -19 -18 -1 -6 3 -8 -4 -2 6 6 14 9 11
-132 101 -30 31 4 9 -10 -6 -10 -2 -1 5 -2 1 -7 -1 -7 -5 -5 1 -2 -1 -10 2
-302 128 31 17 8 14 6 6 -1 3 -9 1 -5 0 -2 4 -3 3 4 0 -7 2 -5 0
-182 131 -13 22 1 13 -4 -7 -2 -3 -10 1 -10 -12 -17 -10 -7 6 2 2 -6 1 -2 -1
-273 143 -61 1 -10 -24 -20 -12 3 20 11 0 -4 0 4 13 11 12 14 6 5 10 -2 -12
-104 75 -8 17 6 3 -6 7 4 9 9 16 0 0 -4 6 0 5 1 6 -9 -7 -3 4
-143 103 -29 19 9 0 -5 -6 -2 -7 -8 3 -3 4 2 10 -1 3 -7 -2 -7 -1 -5 2
-278 188 -9 14 1 8 4 -6 -13 -10 -5 -8 -4 2 0 7 6 0 -2 -2 -4 -2 -3 0
-328 55 -57 19 -2 9 -9 -6 -5 2 -6 9 12 27 12 0 -9 -4 -9 1 -6 -12 -11 6
-300 148 -11 17 9 5 -3 9 -22 -6 0 0 -9 14 1 0 -8 10 20 5 10 7 3 -6
-195 112 -33 36 3 21 0 -3 -6 -4 -8 -4 -2 7 11 22 10 -1 -8 -4 -1 0 -11 -16
-397 124 -61 11 -22 -28 -13 -4 5 17 -1 -15 -17 -11 11 17 17 3 6 7 6 15 20 14
-263 176 -50 -9 -3 -10 -26 -26 -20 3 -1 -2 -3 1 -4 0 0 1 -6 -10 -10 0 0 -3
-133 72 -11 42 -6 0 -3 0 -16 -3 -5 6 -3 0 0 12 -6 -5 -5 5 0 5 -15 -14
-221 161 -51 21 -6 -3 -2 -7 -12 -12 2 3 -3 -5 -9 -4 -2 -7 -6 -2 0 1 -7 -7
-305 155 -57 30 -15 -22 -14 -2 11 21 14 -2 -5 -9 -14 -1 0 -1 2 2 2 -2 -9 -2
-366 155 -22 38 1 -4 -14 -9 -1 12 12 3 -7 -28 -20 -1 1 -7 2 16 9 -10 -18 -8
-298 207 -51 5 3 -13 -15 -29 -20 -13 -17 -3 4 3 0 -4 -11 -11 -12 -9 -4 1 5 7
-263 181 -49 48 9 -1 5 -18 -9 -13 -9 -5 -6 -7 -5 -4 -6 -4 -2 0 -7 -8 -3 -3
-97 93 -33 20 -27 13 0 18 -2 9 0 2 2 11 -1 5 0 2 -3 2 -4 -2 -4 1
-326 127 -73 7 -33 -26 -29 -23 -9 -4 -4 -6 5 4 0 2 1 -1 1 6 9 4 -1 5
-132 111 -16 20 -14 11 -6 7 6 5 2 1 5 4 0 -4 -16 0 -7 1 -8 -7 -6 1
-268 169 -13 22 2 -8 3 6 -14 3 -3 -9 -18 -3 -5 -1 0 2 -2 0 -10 -3 -2 -3
-85 67 6 35 10 17 -1 2 1 12 2 1 -9 -3 -3 0 0 0 -10 -2 -4 1 -2 2
-180 135 -45 37 -9 2 -7 -2 -2 10 1 4 3 5 -11 2 4 -1 -11 0 11 16 -1 -8
-296 110 16 46 16 19 3 11 -2 0 4 7 -9 -5 -3 7 0 7 2 4 -2 0 -3 2
-265 150 -22 24 -17 -21 -9 -18 -9 -12 -14 -9 -4 0 -9 -2 -2 4 -2 -6 -9 -12 -11 1
-217 163 -35 38 4 13 -2 -2 -5 -6 -10 -9 -10 -9 -11 0 -3 -1 -1 -1 -7 0 -3 0
-298 133 21 31 22 13 6 4 0 -3 -3 -4 -8 -7 -14 -4 -5 -3 -8 -13 -15 -6 0 2
-413 141 -42 14 -9 -19 -24 -10 -14 -5 -10 -1 -1 7 8 12 4 3 0 6 8 6 -1 0
-339 140 -58 -20 -21 -29 -34 -29 -20 -12 -8 -7 3 15 12 11 7 1 -8 -11 -5 3 6 3
-173 79 -12 43 8 15 6 7 -11 5 3 -4 -3 7 0 12 -1 3 3 9 2 14 -1 -8
-475 143 -4 29 10 6 0 -3 -3 2 -3 1 7 17 17 11 -1 -1 1 2 -6 -6 0 16
-279 130 -4 24 10 12 -3 9 -3 3 -7 1 -6 -1 -2 4 -5 -5 -14 -8 -4 4 -1 2
-291 150 -44 16 -4 10 -4 -3 -5 2 -9 -2 -1 -1 -8 -1 -14 -12 -11 -6 -9 -1 -6 -4
-514 176 -9 11 3 -15 -18 -18 -24 -8 -8 -3 5 8 7 10 -1 -5 4 13 5 -2 -5 9
-224 148 -72 26 -11 14 -8 4 5 -7 -27 -24 -2 -3 -2 -7 -1 0 -23 -10 -1 4 -15 -11
-181 131 -22 44 4 6 -6 8 -5 2 -16 -9 -10 0 -4 3 -9 -6 1 6 4 11 8 3
-455 76 -30 1 -3 -7 -5 -2 15 25 6 -16 -29 -16 0 15 14 21 22 0 -26 -11 10 6
-208 117 -21 25 0 4 1 6 9 5 -1 0 2 7 1 -1 -4 -5 -10 -5 -5 1 -4 -4
-222 120 -36 50 4 2 -2 -9 -7 2 -3 5 -4 7 11 10 0 -6 -8 1 -1 0 -11 0
-433 157 -28 26 -1 -7 -16 -20 -15 -12 -19 -3 3 6 8 11 12 10 0 -2 4 16 16 8
-455 76 -30 1 -3 -7 -5 -2 15 25 6 -16 -29 -16 0 15 14 21 22 0 -26 -11 10 6
-426 173 -6 17 10 1 7 -8 -21 -8 -4 -12 -27 -11 2 5 2 -2 -13 13 15 -12 -24 -14
-283 161 -40 38 0 7 -9 -7 -17 -3 -10 -2 0 -7 -6 0 5 11 7 0 -1 0 -6 -1
-363 89 -80 1 -27 -22 -3 20 23 12 -19 -22 -18 -3 6 5 2 10 5 -2 2 17 20 16
-224 102 -4 53 23 32 4 3 0 0 -8 -9 -21 -9 -10 4 -6 -7 -6 -4 -6 5 3 12
-192 117 -27 35 6 21 -6 -4 -11 -12 -8 -5 -5 3 13 26 12 -1 -9 -14 -1 6 -9 -18
-336 156 -44 28 -13 -6 -14 -6 0 6 -4 -11 -5 1 2 0 -2 -1 -1 0 -2 0 -4 0
-356 103 -72 21 -17 -12 -19 4 18 24 6 7 2 0 0 8 5 4 6 5 -2 0 0 5
-246 146 -37 11 -26 -18 -1 -3 -1 -13 -27 -25 -8 6 -2 -3 -9 1 5 8 10 11 8 -1
-230 174 -8 13 0 9 -8 -18 -8 -11 -2 3 10 1 -9 8 4 -2 -14 -1 0 -4 -12 -21
-376 117 -61 8 -21 -28 -29 -20 -6 11 11 17 14 9 0 1 6 0 -6 -4 -5 -4 0 2
-396 144 -39 34 4 -6 -14 -14 -22 -13 -14 -3 -1 3 5 15 15 10 -1 -5 1 12 9 8
-169 108 -28 49 7 7 -2 -2 -5 -10 -9 -3 -1 -1 -1 1 -6 -9 -6 -1 0 -5 -4 -1
-166 106 25 18 15 18 0 7 0 5 0 0 -4 2 -10 -1 0 0 -3 -3 -6 6 -4 0
-281 155 -18 18 0 -1 -2 -2 -8 4 -9 -9 -6 3 -6 -3 -9 4 4 4 -1 6 -2 -5
-234 105 17 10 0 12 16 28 9 -3 -13 4 0 7 -6 5 -6 -7 6 20 -9 -7 0 1
-276 212 24 18 15 18 2 9 -9 -1 -5 -13 -17 -4 0 -6 -14 -10 -3 -1 -4 -3 -7 -17
-308 186 -46 25 -5 -3 0 10 -1 -15 -22 -8 17 6 -13 3 1 -22 -15 9 3 -12 -2 0
-175 101 -26 30 16 7 -16 -6 -10 -11 -19 -13 -8 2 0 6 -3 3 -2 0 0 9 4 2
-195 112 3 7 2 13 -4 0 -10 7 7 7 -4 -3 -12 0 -2 0 -3 4 1 7 0 7
-220 71 27 60 19 16 -8 4 2 9 3 5 0 1 -8 3 -8 2 -7 -1 -2 -1 -5 4
-394 147 -13 9 -14 -2 -10 -9 -23 -35 -14 -11 -18 -3 -15 8 25 25 18 5 0 -6 7 18
-189 111 -22 19 1 -1 -19 -15 -11 -12 -23 -13 -23 -12 1 17 12 10 -7 -8 -6 -2 0 4
-125 112 -28 23 -20 16 -1 11 -4 4 -4 2 3 10 0 9 8 8 -6 -2 -6 0 -2 1
-121 99 17 40 2 12 0 8 5 8 -11 -3 -1 3 -11 0 -3 -5 -13 6 4 0 -9 -4
-347 141 -41 -17 0 -20 -30 -23 -17 -13 -24 -32 -21 0 7 0 0 13 9 -11 -13 0 8 4
-107 100 -7 45 -5 15 -3 22 9 21 10 -1 -10 -6 -4 4 1 5 -3 2 1 5 -5 0
-216 111 4 17 -14 -4 -12 -11 -10 -12 -20 -8 -12 0 8 14 1 0 -11 -12 -5 -1 -9 -10
-171 120 -21 43 5 11 -20 -3 8 -3 -6 -13 -16 -3 -11 0 -12 -8 -2 0 -3 7 1 -3
-113 96 0 20 -11 3 -13 0 -2 15 7 12 6 5 -9 -6 -5 2 -4 -1 -2 7 2 5
-349 145 -36 3 -4 -14 -30 -19 -5 13 8 6 -3 -11 -12 -7 -6 -5 -8 -7 0 2 -3 -6
-201 157 -47 21 -12 -11 -10 -10 -7 -11 -18 -4 -6 -1 2 9 1 2 -4 -7 -5 0 -5 -9
-346 101 -47 12 -13 2 -9 -29 -12 2 16 16 15 -1 -7 12 15 7 -12 -3 20 15 -13 -16
-112 101 0 19 -7 7 -10 4 -2 8 1 5 1 9 5 1 -8 0 0 4 1 2 -5 2
-250 177 -45 5 -15 -14 -13 -22 0 0 -5 -7 -18 -13 -8 -4 -5 0 -10 -13 0 15 9 9
-374 153 -25 42 8 -2 -5 0 1 12 7 12 2 -8 -7 6 6 0 -1 4 11 4 -6 -5
-112 94 16 40 0 12 -2 5 0 4 -8 1 -5 0 -9 2 -3 -4 -7 9 0 -2 -9 -4
-279 178 -46 25 -10 -9 -13 -10 -5 6 0 1 -8 -14 -17 -7 -3 0 -2 -5 -6 0 -2 -9
-135 106 -27 29 0 5 -2 5 0 5 0 -6 -19 -2 -1 1 -5 5 -2 -10 -8 10 -6 -3
-293 148 -3 25 13 16 10 3 -1 -3 -6 4 5 11 -2 0 6 9 0 1 -4 -5 0 12
-378 117 -65 6 -26 -26 -19 -3 11 7 -15 -21 -12 4 23 19 13 14 10 2 6 10 0 0
-126 111 -17 6 9 11 -10 1 -6 0 -4 1 -5 -4 -11 -6 -9 0 -3 0 -9 0 -7 -2
-142 93 -30 22 6 -1 -6 -1 3 3 7 8 -10 -11 -10 7 -10 -9 -5 9 -2 -5 -8 7
-354 188 -17 33 3 -6 -10 -7 -6 0 -6 2 1 1 2 8 0 0 -6 -5 -8 -5 -9 -1
-289 149 -17 32 2 5 1 -4 -13 -15 -5 -1 -13 -7 2 1 -4 -2 -1 -1 -10 -8 -9 -6
-341 149 -41 12 -1 -14 -24 -21 -18 -9 -8 -2 0 1 -6 -14 -15 -9 -8 -16 -10 3 9 5
-195 205 -78 3 -3 -39 -8 -25 -21 -4 -14 -6 -8 -13 -4 -1 -1 -1 -1 3 -5 -10 -4 1
-252 97 7 39 16 13 5 16 -2 0 3 6 -9 -2 -2 5 -6 0 -5 0 -8 3 4 14
-333 157 -40 38 -12 2 0 3 6 1 -9 -4 1 4 0 1 -5 -7 -4 -1 12 10 0 -8
-246 165 -50 10 -20 -19 -22 -24 -11 5 -10 -12 0 6 -6 -5 -7 0 -11 -4 2 4 1 -4
-426 144 -27 17 11 2 -2 -4 -10 3 11 8 7 23 28 21 6 -7 -6 4 5 -4 -18 -14
-162 135 -32 43 2 8 -6 5 -3 5 -8 -6 -10 -5 -6 11 2 0 2 4 -2 0 1 5
-371 104 -68 34 0 13 10 4 -5 12 -1 10 -1 -7 -8 -3 7 1 -1 -5 -16 -19 -23 -10
-351 173 -44 21 -8 -20 -6 -3 10 7 -6 -17 -17 -8 2 6 4 3 -5 -17 -13 -3 2 3
-296 167 -45 32 -15 -9 -18 -6 -2 2 1 -8 3 2 -5 0 -1 -2 -9 -10 -3 0 -7 -2
-261 85 -89 -50 -37 -12 41 28 7 21 2 -13 -21 -2 4 7 -1 9 7 16 -3 4 2 9
-188 142 -78 29 -21 7 -11 5 -10 -1 -5 0 0 -8 -17 -10 -6 -11 -22 -7 0 10 -5 -12
-265 134 -15 41 11 11 -6 -2 -9 -5 1 6 -2 -11 -22 -10 -8 -9 -5 -9 -14 -3 -3 -8
-99 75 -6 23 8 15 5 12 0 2 -4 2 -7 -5 -4 8 0 3 -4 -1 -13 -7 -8 1
-110 102 17 27 -13 1 0 12 3 0 -12 -9 -10 5 -2 -2 -9 -3 -4 2 4 4 -6 -4
-100 104 2 30 13 10 0 0 1 0 -8 5 -12 4 3 9 5 0 -5 3 0 1 0 0
-386 117 18 35 15 11 6 9 -2 0 0 0 -8 1 -8 0 -9 -5 -7 0 -4 -5 -6 -1
-106 77 -12 21 -17 6 0 11 0 4 -6 1 -3 6 -1 5 -3 2 0 1 -13 -8 -8 0
-443 122 -42 -15 -5 -11 -9 1 1 0 7 14 7 -2 -11 -6 -4 4 14 17 4 0 0 10
-363 115 -20 27 -1 7 -1 -15 -4 -17 -14 -12 -13 -3 -3 1 -2 -8 -8 -6 6 21 32 32
-131 114 23 32 15 23 8 1 -5 -3 -1 0 0 6 0 4 -4 -2 -7 2 0 5 0 2
-441 127 32 34 19 15 10 14 0 -1 -1 -2 -10 2 -6 0 -8 -3 -6 0 -6 -6 -9 -2
-278 183 -14 10 -7 -7 -10 1 3 2 -10 -15 -17 -6 -5 -3 -6 -12 -9 1 5 1 0 1
-590 155 -9 6 -8 -14 -26 -20 -10 1 -2 2 -5 -12 -5 7 5 3 0 15 25 18 3 0
-323 157 29 13 0 1 0 -6 -28 -23 -7 15 -2 -28 -20 -6 -12 4 3 -11 -10 8 4 2
-164 100 33 43 24 28 13 9 -2 -2 -1 -1 -4 -2 -8 0 -4 0 -4 3 -3 0 0 12
-102 80 -14 20 -21 6 -17 5 -6 0 -7 -2 -5 -1 -9 0 -7 -1 -7 -1 -1 2 -5 -2
-183 87 18 15 8 16 4 10 0 -3 1 -1 -7 -1 -12 2 -11 0 -3 0 -7 2 -7 -1
-212 126 21 29 9 13 3 10 7 11 -2 1 -8 -5 -4 0 -8 -8 -7 -1 -10 0 -2 3
-393 178 -41 8 -6 -10 -10 -8 -8 -3 -10 -5 -5 -1 -3 -4 -10 -6 -3 0 -3 -3 -4 0
-401 161 -27 -7 -9 -17 -23 -15 -6 -9 -1 3 -10 -17 -16 -3 0 3 -3 -6 0 18 12 6
-93 114 -9 24 -2 7 -4 12 -4 9 2 2 0 0 -12 -2 -4 0 -6 6 -4 -1 -4 1
-434 18 30 14 37 11 6 8 17 0 5 2 5 7 -10 -7 6 5 -10 0 5 3 -10 0
-172 106 24 23 15 5 -5 8 -1 0 -12 1 -2 8 -9 -4 -5 2 -2 -2 -3 0 -2 4
-121 112 27 22 5 11 -10 -13 -10 0 -2 0 -9 8 2 1 -9 -5 -3 0 -14 -6 -3 2
-151 159 -2 25 2 11 0 5 -1 1 -3 -2 3 12 9 2 -2 0 0 7 -1 -4 -11 0
-229 132 6 16 -4 18 16 12 -4 -9 -13 3 4 0 -6 -3 -12 -2 -12 -9 -1 -5 -8 -4
-178 89 34 24 0 14 9 14 7 0 -8 4 1 5 -5 -2 -6 -6 -8 3 -4 -5 -4 0
-517 183 26 25 -5 -8 -5 5 7 13 9 8 -4 -4 -5 0 0 2 -4 -4 -7 0 1 0
-252 88 -38 29 -5 15 13 4 -17 -3 7 -4 0 -9 -10 -2 -1 25 -5 -12 -16 3 4 -2
-284 148 -5 42 -3 2 -15 -10 -9 -1 -2 6 3 3 0 -7 -13 -12 -6 -1 -3 -3 -4 5
-102 79 35 27 0 9 0 0 -3 0 -6 -1 -12 -5 -6 2 -8 -5 -5 7 -3 -4 -13 -6
-412 163 -35 7 -7 -4 -3 3 -1 0 0 6 -5 -8 -7 -5 4 -11 -10 28 27 15 9 3
-54 128 7 13 3 8 -9 -2 -9 0 -4 -1 0 6 -3 1 -2 4 2 3 -1 3 0 7
-496 165 -22 -4 14 6 -5 0 3 5 -1 -7 -8 5 5 1 -4 -1 -9 -4 2 4 0 0
-98 120 -30 26 16 14 0 6 -4 8 0 -7 -5 0 -8 -3 -2 0 -9 0 0 0 -8 0
-401 141 -16 25 -6 0 -4 1 4 2 4 3 2 -3 -3 -3 4 8 1 0 -1 1 -4 -7
-383 164 26 39 19 6 0 -11 -7 -4 -14 -19 -15 -14 -9 -1 -2 0 -2 -8 -7 -3 0 9
-368 183 33 2 0 3 13 8 -12 -20 -20 -3 10 7 -9 -1 -3 -13 0 12 0 -15 -15 -7
-226 -29 -71 -6 -9 23 -7 -5 -1 4 14 5 -8 8 -7 2 2 7 -3 -7 -2 6 -1 -2
-372 175 0 12 13 -5 -11 -6 -8 4 11 5 0 6 3 6 4 11 4 -1 -5 -2 -5 1
-432 175 -23 5 0 -3 1 7 10 9 7 7 -1 -1 0 8 6 7 -4 -3 1 8 1 0
-172 136 -13 14 -4 -7 -10 3 9 19 1 -8 -15 -7 -8 0 -1 10 3 -2 -9 4 -2 4
-201 88 40 23 9 4 -10 0 -10 4 -2 5 5 7 0 6 0 3 -5 -2 -7 -2 -7 -4
-42 97 -20 26 12 12 9 8 2 10 1 9 0 5 0 3 -6 -1 -6 2 2 7 -2 -1
-399 166 -32 13 0 -6 -4 1 4 -3 -6 -17 -16 0 12 9 1 4 4 4 0 -2 -5 -5
-34 102 -18 27 10 8 9 7 3 10 0 8 0 7 0 6 -3 0 -5 5 2 5 -5 -1
-331 143 24 16 -7 -16 -8 11 1 -6 -23 -25 -13 11 6 -2 -5 -7 -11 3 4 -3 -8 2
-546 112 -52 -28 -19 -13 6 22 13 9 -6 -1 23 14 4 6 4 -1 -2 19 25 17 9 6
-277 173 21 24 7 23 1 -4 -13 0 0 -2 -5 1 -1 5 -10 -13 -6 10 5 4 0 -4
-237 132 16 24 -2 8 -4 1 1 0 -4 0 -3 5 -4 2 -6 -7 -10 -5 -7 0 -6 -6
-437 166 -20 42 36 10 4 6 1 15 4 6 3 6 1 3 -3 -4 -10 -4 -2 1 -5 -4
-104 98 -2 0 0 5 -9 3 -9 0 -12 -4 -10 -6 -9 -2 -7 -1 -9 -4 -6 -1 -7 -4
-278 134 -21 24 32 11 -5 11 21 23 15 1 -26 -24 -16 -1 -5 9 13 12 -18 -23 -12 3
-423 77 -47 0 -18 -14 -6 11 12 12 0 -8 -20 -2 13 19 2 11 15 13 -4 -5 1 5
-342 176 -28 -16 -21 -23 -27 -22 -15 -5 -10 -11 -15 -4 0 4 0 -3 -6 -1 -9 -5 -1 1
-353 154 -31 9 -2 -7 -3 11 14 13 0 -10 -19 -14 0 7 0 9 13 11 -1 -6 -1 8
-553 93 1 8 12 3 -14 -3 2 2 6 25 30 21 -2 -10 -17 -10 -10 -2 -2 7 8 13
-188 161 -79 30 -17 5 -3 4 -6 -6 -10 0 6 4 -9 -17 -13 -13 -13 -11 -16 1 0 -2
-114 97 38 23 9 7 -9 -10 -5 1 -7 -4 -7 6 -2 4 0 3 -6 -8 -10 3 -1 -2
-267 102 -43 14 -7 2 -9 1 2 8 -3 -9 -17 -7 -5 1 -4 1 -5 12 6 0 -15 -11
-284 100 -23 31 3 16 13 -9 -30 -9 8 0 0 -14 -3 6 6 22 -6 -1 -9 -4 0 -2
-286 122 4 -3 -18 -14 -22 -10 -6 10 11 6 -1 3 -8 0 1 -3 -11 -3 0 0 -4 0
-187 101 20 26 0 17 0 9 -2 16 -5 0 -8 1 -9 7 8 6 5 -2 -18 -10 -5 -3
-455 64 -22 -7 4 4 15 32 13 -12 -31 -11 15 22 1 0 -6 -15 -4 28 10 -13 -4 7
-133 103 -22 20 -2 10 -6 8 -10 8 -5 6 8 18 12 10 2 5 -3 -7 -9 7 1 3
-321 156 -29 26 -14 4 4 6 -8 -8 -7 5 2 0 -1 0 -6 -2 1 3 3 1 -3 -6
-32 73 -16 34 3 -3 -10 12 0 9 -1 2 -5 0 -6 2 -1 1 -7 -5 -6 0 -13 -6
-148 112 46 10 4 3 -6 4 0 4 -9 0 -7 -1 -10 2 -5 -6 -1 10 -6 -3 -2 -11
-355 188 6 24 10 -3 -1 -14 -10 -7 -13 -15 -14 -12 -17 -14 -9 -5 5 7 5 2 -9 -11
-215 126 0 25 0 2 -8 12 9 13 -3 -13 -22 -15 -7 4 -4 -1 -6 0 2 0 -10 2
-145 72 10 24 33 33 9 -4 -9 18 0 -11 -8 11 -1 -1 -10 -5 5 4 -13 -1 0 6
-388 155 -31 -18 -13 -30 -24 -18 -13 -3 -3 1 0 0 4 2 -1 -1 0 1 -5 -3 2 1
-399 166 -36 5 5 -8 -8 -3 1 7 5 0 -8 -8 -5 0 -1 -5 -6 1 0 -2 -9 -11
-212 106 -6 1 -12 6 5 1 12 3 -2 -4 -9 -7 1 -7 -12 -8 1 2 -15 -14 -11 -6
-407 195 -1 28 6 1 -10 -13 -10 -7 -6 -3 0 3 -2 -6 -9 -13 -10 -1 4 0 -10 -12
-378 114 -14 6 2 9 -6 0 -9 -5 -14 3 6 17 1 -10 -16 0 0 -3 -15 -6 12 20
-283 109 -12 11 -11 -12 -14 -5 0 11 3 1 -19 -22 -24 -2 3 3 -7 3 3 9 -1 3
-443 171 -32 7 -3 -5 6 10 8 -6 -22 -15 2 15 9 1 0 -3 -14 -6 8 9 0 -3
-52 99 5 5 0 9 11 7 -3 -2 -6 -1 -8 -4 -8 0 -5 -1 -7 0 -3 1 -6 -2
-280 100 -39 14 -2 -8 2 8 1 0 -7 -6 -8 5 6 12 8 4 -2 10 12 7 -7 -3
-240 132 32 15 -8 4 7 17 5 8 -3 -1 -10 0 0 0 -10 -5 -10 -2 -5 1 -10 -6
-283 157 0 41 -7 6 -6 -4 3 5 9 4 6 -9 -13 -10 -5 -5 -6 0 0 -3 -11 -7
-159 84 13 15 10 13 0 11 6 5 1 -5 -12 0 -3 0 -11 3 1 3 -7 1 -7 -1
-115 72 15 39 -3 20 -20 -8 -19 -4 3 -6 -12 -2 -6 1 -7 0 -6 -8 -13 -2 -6 0
-414 139 -54 -10 -6 -7 5 15 14 4 1 -4 -7 -2 -1 5 6 7 3 -4 -8 3 5 7
-159 128 -4 10 3 10 -4 0 -5 -1 -9 3 -1 7 1 4 -11 -8 -12 -1 -4 7 -3 -3
-352 57 -42 -17 -11 7 7 13 8 14 16 8 4 -8 -9 -4 -1 1 -3 9 3 -1 -3 0
-220 68 -28 24 14 28 15 6 -2 21 2 2 -9 -8 -9 4 -6 6 -13 -21 -3 15 6 13
-237 114 -37 11 -5 25 16 -3 -22 -2 15 30 -1 -14 -8 12 9 17 0 -9 -4 5 2 6
-147 115 -10 21 -3 14 5 10 0 1 -3 3 -2 7 -1 3 0 3 -12 -5 -3 0 -6 -2
-258 162 28 22 6 16 -6 -4 -14 -1 -6 -4 -4 5 8 15 -5 -5 -11 4 2 3 -5 -10
-260 127 -18 32 -5 17 7 18 -6 -22 -28 -20 0 8 -3 2 -2 -10 -11 -8 -10 -5 -5 -3
-329 128 -43 22 32 30 15 8 2 0 0 0 -12 -4 6 0 -12 -13 -3 8 -10 -7 -1 1
-134 105 11 12 12 14 7 15 3 14 9 17 6 0 -10 -1 1 8 0 0 -1 8 4 5
-320 129 -75 -25 -39 -33 -14 14 17 11 -10 -11 -5 13 4 0 -4 2 -3 2 5 7 0 1
-252 81 -42 -3 -28 -29 -23 -14 0 8 5 1 -10 -7 -5 1 0 0 0 11 12 2 -1 13
-359 131 18 8 10 -2 -9 -11 -12 -10 -9 2 0 0 4 1 0 5 -3 -8 0 6 1 1
-392 193 -11 32 36 11 7 5 12 7 -10 -15 -10 -5 -5 -4 6 5 -1 -5 -12 -9 -5 -10
-442 172 -4 14 -4 -17 -15 -11 -5 -1 -12 -8 -10 -8 -10 -12 -8 0 -9 -8 -2 14 17 11
-151 107 -32 41 0 -5 5 2 -10 6 -7 4 -14 -18 -15 -8 -7 -6 -2 0 -16 -9 -11 -10
-373 156 -13 24 16 15 9 3 -15 -12 -8 -3 -7 -9 -9 0 -3 -2 5 4 -1 2 0 0
-103 127 0 26 12 11 1 -2 -13 -1 -14 1 -1 0 -12 -3 -7 0 -8 -1 -5 -3 -12 -3
-468 176 -4 18 4 -3 -2 -7 -9 -8 -6 -5 -6 -2 -9 -11 -12 -16 -8 15 19 9 8 6
-217 139 -7 34 17 2 6 0 -13 -10 -7 -2 -6 -8 -14 -15 -12 -7 -10 -2 -14 -19 -14 0
-405 228 64 -5 -1 -4 -11 -8 -11 -17 -11 0 0 -6 -10 -10 -6 1 5 1 -5 -5 0 0
-326 206 4 4 0 0 -3 -6 -12 -11 -9 -16 -19 -12 -10 0 4 3 1 -2 0 2 -4 -3
-74 111 4 30 11 19 3 14 2 7 -3 4 -3 2 -8 -2 1 3 -5 -4 -2 1 -1 3
-117 72 7 29 3 13 7 13 -9 -10 -20 -6 -1 9 0 2 -9 -1 0 5 -12 -9 -13 6
-154 96 17 37 0 14 5 9 -10 1 -5 3 -7 -5 -12 2 0 2 -3 1 -7 -3 -5 -2
-361 117 16 38 4 18 19 2 -15 -8 -10 0 -10 -6 -11 -4 -5 5 -1 -3 -4 0 -2 4
-308 157 24 39 11 14 16 6 0 2 0 -1 -1 -2 -7 0 -2 -1 -2 -2 -5 0 -6 1
-137 101 21 31 4 14 -5 5 -5 0 -8 -2 -7 -1 -5 0 -6 0 -8 -2 -6 0 -7 0
-121 93 -6 19 7 23 7 5 0 7 -3 -2 -8 1 -4 -1 -7 -3 -16 -2 -2 -3 -6 -5
-328 146 -21 26 -10 -7 -20 -21 -20 -19 -4 6 0 9 0 -11 -5 -9 -14 -2 -1 6 1 1
-353 143 2 38 20 16 17 9 2 -7 -18 -1 -3 -9 -10 -12 -10 -12 -12 -3 -13 -11 -12 -10
-272 75 -1 53 -2 6 2 1 0 3 -10 -5 -16 -1 -11 -8 -17 0 -2 -2 -4 0 -6 -12
-301 147 5 37 18 15 -7 0 -4 -9 -10 -7 -5 -4 -4 -2 -4 0 -8 -1 -2 0 -2 -1
-147 135 6 36 18 16 3 4 -11 0 -5 3 -6 -2 -7 1 -5 -6 -15 -6 -15 -14 -7 5
-400 171 -3 23 15 14 3 -6 -13 -11 -9 0 2 -2 -11 -9 -15 -3 3 0 -6 7 0 -7
-97 108 -25 35 -12 -7 -20 -12 -16 -3 -15 -6 -18 -11 -22 -10 -20 -6 -3 -1 -10 -6 -7 -1
-116 108 12 32 11 14 -4 4 -8 0 -13 4 -5 -5 -8 -4 -8 -5 -14 -8 -15 -11 -9 4
-183 50 14 36 7 9 -4 5 0 2 -10 -4 -7 -1 -5 -2 -11 -3 -6 0 -5 0 -8 -2
-381 179 -5 22 12 11 -1 -10 -16 -9 0 3 -5 -7 -7 5 1 0 -4 -12 -6 1 -8 -5
-326 182 0 27 8 0 -9 -10 -23 -14 -11 -15 -7 -8 -19 -8 -4 1 5 -4 1 2 -5 -3
-350 161 2 45 2 8 12 10 -12 -13 -4 -12 -12 -7 -14 -8 -10 -11 -9 -3 -5 -5 7 16
-372 184 -23 12 -2 -11 -8 -8 -11 -13 -8 -4 -7 2 4 -2 -15 -19 -17 -14 -15 -4 -3 5
-259 95 -26 30 -10 8 -11 0 -8 2 -5 0 -10 -9 -12 -11 -11 -2 -3 4 -5 -6 -9 0
-231 108 8 49 6 16 -7 4 -3 -5 -2 -3 -11 0 -6 4 1 -5 -5 -5 -13 -9 -10 -6
-121 106 -10 55 13 16 0 14 -7 0 -14 0 -15 -6 -9 0 -6 1 -1 1 0 0 -9 0
-176 152 2 40 11 6 -3 8 -6 -4 -6 6 0 -6 -10 -4 -8 -6 -8 -3 -10 -8 -3 0
-391 107 7 47 8 13 -6 -5 -19 -14 -14 -14 -9 0 -4 -1 -7 -13 -11 5 7 -1 -5 -6
-307 151 -42 84 19 18 12 -3 2 -13 -1 -9 -6 -6 -6 1 0 2 -3 -1 0 0 2 1
-232 89 35 37 14 24 9 10 -4 3 -4 1 -9 -4 -5 8 6 9 -3 -4 -4 3 -1 0
-286 103 -3 37 1 5 -2 0 -15 -9 -13 0 -5 -7 -14 -8 -15 -4 -9 -5 -8 0 -4 -1
-299 165 20 48 10 12 2 0 -8 -6 -3 -1 -6 -7 1 0 -4 -2 -2 0 2 5 5 10
-427 168 20 12 8 4 -1 -9 -12 -12 -8 -10 -6 -1 -4 -9 -17 -17 -6 -8 -7 -3 -5 -4
-288 139 23 40 17 13 10 13 4 6 2 7 1 2 0 0 -3 -1 0 2 -4 0 -6 0
-211 85 -12 27 -1 6 -23 3 -13 -2 -12 -5 -10 -9 -16 -4 -13 -5 -6 -8 -13 -5 -14 -6
-321 141 -15 27 -18 0 -21 -2 -3 0 -11 -18 -21 -9 3 11 -2 -5 -7 4 7 7 -7 -3
-369 199 0 -1 -8 -10 -14 -5 -7 -16 -8 -9 -7 -2 -3 2 1 3 -1 -8 -1 8 3 -2
-131 103 -5 61 5 22 4 17 2 8 -2 2 -3 0 0 8 -2 5 -2 -2 -7 -1 -8 -2
-130 96 -6 20 8 23 5 5 1 9 -4 -1 -8 1 -8 -2 -8 -2 -14 -2 0 -2 -7 -5
-308 167 -15 24 -5 2 -6 -5 -19 -16 -10 -4 -7 -4 -13 -11 -11 -7 -12 -3 -6 0 -4 -4
-148 117 -3 24 3 20 -8 -5 -11 1 -7 1 -15 -10 -18 -10 -3 0 -11 -12 -5 3 -5 -9
-165 109 36 24 5 4 -6 -3 -8 -1 -13 -7 -12 -8 -13 -6 -12 0 0 3 -8 -1 -11 -1
-141 102 -2 38 6 11 -4 3 -7 -2 -12 -8 -7 -1 -5 1 -6 3 -5 -2 -7 -2 -10 -7
-319 124 8 27 12 11 -2 5 -7 -6 -15 0 0 1 -6 3 0 3 -4 -6 -14 -11 -9 -10
-328 171 -19 45 14 13 1 1 -3 -1 5 5 -4 -3 -5 -4 0 6 0 2 -3 -3 2 6
-328 153 -53 -1 13 0 -12 -7 -13 -3 -6 -3 -1 0 -1 -5 -13 1 -1 -6 -9 0 -10 -2
-256 186 -4 18 20 6 -17 -5 -13 -8 -10 -16 -12 -2 -10 -6 -4 -6 -2 1 -11 -11 -12 -8
-188 122 -20 36 -11 6 -6 -3 -18 -7 -15 -2 -4 -3 -15 -4 -6 -9 -4 0 -3 -3 -6 -1
-421 192 30 5 6 -2 -2 -7 -12 -12 -6 -2 -3 0 2 1 5 0 -10 -9 2 9 6 0
-339 167 -34 33 2 1 -6 -3 -11 -9 -12 0 -9 -5 -7 -8 -14 -8 -4 -3 -8 -3 -5 0
-224 110 17 36 10 13 -4 0 -2 -1 -13 -3 -13 -6 -12 -2 -3 -3 -10 -10 -10 -6 -10 -5
-208 134 -8 44 10 25 12 1 -13 0 -8 0 -5 -6 0 -4 -9 -5 -5 1 -16 -6 -10 -6
-401 171 37 9 13 3 -5 -7 -8 -12 -12 -6 -1 2 3 -2 -9 -10 -4 5 6 0 -8 -10
-336 220 -25 13 10 -1 -6 -14 -21 -15 -16 -13 -7 -7 -3 -2 -7 -4 -6 -9 -9 -4 0 -2
-357 192 -10 15 3 -6 -15 -11 -18 -19 -10 -8 -6 -3 -5 -1 0 -1 -6 -5 -5 0 4 3
-346 149 -24 10 -14 -14 -18 -10 -16 -13 -6 -4 -3 7 2 -1 -2 0 1 1 -8 -8 -5 -4
-118 130 -31 44 -9 12 -2 3 4 -7 -8 3 -3 -3 -8 -4 -5 1 -11 -9 -13 -2 -7 1
-149 54 18 48 9 12 -1 7 0 3 -5 0 -2 4 -3 2 -6 0 -3 3 -3 1 -6 -4
-332 164 18 34 13 7 -3 -10 -15 -3 0 10 11 3 -11 -13 -9 0 -10 -13 -3 4 -1 -5
-355 233 -3 6 3 -12 -7 -6 -8 -10 -5 -8 -13 -11 -11 -5 -5 -2 0 -6 -3 -3 -6 -1
-195 121 27 24 9 13 -2 2 -7 0 -6 2 -8 -3 -3 3 -4 -3 -8 3 0 6 0 0
-474 184 33 21 16 6 -6 -10 -7 -7 -5 -5 -12 -8 -5 -1 0 -1 0 0 -6 -9 -9 -4
-302 91 -3 20 0 15 0 -3 -13 3 -18 -12 -11 -3 -8 -6 -18 -4 3 3 -16 -6 -9 -9
-333 180 23 27 5 1 0 -1 0 -4 -9 0 0 -5 -12 -12 -10 -11 -11 0 -12 -7 0 1
-105 121 0 48 18 19 7 10 0 3 -2 0 -6 0 0 3 -4 1 -5 0 -7 1 -4 0
-390 185 41 19 5 5 -1 -14 -25 -19 -5 0 -6 -10 -16 -12 -5 -1 -2 0 1 0 -9 -9
-317 143 -4 43 -10 16 8 3 -15 -18 -5 -8 -21 -14 -16 7 5 -1 -4 -1 -6 5 10 6
-203 140 30 47 33 26 16 15 2 -1 1 0 -6 0 -3 -6 -2 5 3 2 -5 -5 -5 -1
-105 117 9 33 6 5 -11 0 -5 0 -8 -5 -10 -2 -7 2 -4 -1 -4 4 -1 0 -7 -2
-494 151 29 27 8 0 -1 -2 -20 -26 -22 -10 -10 -7 3 6 -6 -7 -17 -13 -6 -12 -14 -7
-229 145 48 54 16 24 6 12 5 0 -9 1 2 -1 -7 -1 -3 -1 -2 -4 -2 0 0 9
-331 143 -21 60 10 27 11 5 0 5 1 3 0 1 -3 -3 0 1 2 0 0 1 4 4
-262 91 -10 50 -13 13 -3 2 -17 -7 -5 2 -9 -9 -10 1 -7 0 -14 0 -16 0 -5 14
-219 94 32 38 13 23 13 12 2 2 -2 6 -9 -2 -4 6 4 4 -3 -2 -6 1 0 0
-331 106 -6 33 3 8 0 6 -12 -12 -16 -8 -16 -1 -5 -4 -4 6 -12 -8 -7 -10 -9 5
-257 82 -7 46 -16 8 -5 0 -14 6 -4 1 -3 -5 -9 3 -10 -3 -18 3 -7 9 1 14
-127 106 -20 30 -6 6 -14 -4 -14 -5 -12 -6 -12 -13 -21 -10 -15 -6 -4 -3 -9 -4 -11 -1
-152 89 -16 37 1 9 -8 -1 -10 -5 -16 -2 -15 -5 -21 -10 -16 -3 -11 -8 -4 -5 -8 4
-95 120 -3 27 14 13 5 0 -14 -1 -11 1 -3 0 -11 -5 -10 -1 -11 -3 -4 -3 -13 -4
-389 210 -15 28 8 -9 -13 5 -10 -8 -1 -10 -16 -11 -5 -1 -7 -6 -9 -6 0 -1 -6 -4
-113 115 -26 53 -6 14 0 1 -2 -3 -4 6 -7 4 -6 -5 -15 3 0 -2 -6 -1 -8 0
-479 164 39 37 20 14 7 0 -13 -14 -17 -15 -6 -2 -6 -9 -16 -13 -5 0 7 9 2 -2
-164 126 2 53 11 20 -3 20 3 9 -3 9 -2 9 -4 4 -4 8 -3 -3 -9 0 -11 -2
-118 117 -20 53 0 12 -5 -4 -9 -13 -7 -8 -13 -1 -2 -4 -9 -7 -11 -3 -13 -2 -8 -7
-425 162 3 12 8 3 2 -2 -4 -11 -8 5 5 -4 -8 -4 -6 -9 -11 -11 -7 -1 0 5
-79 113 7 28 13 18 8 16 0 5 -1 3 -7 0 -6 -4 -1 7 -8 -7 -4 0 -2 2
-341 188 -4 24 5 5 -5 -7 -6 -5 -6 -4 -5 -9 -5 1 0 1 -3 0 -6 -6 -7 -2
-390 145 -16 24 -14 -12 -16 -12 -16 -13 -14 -10 -13 -9 -3 3 -1 7 10 8 12 12 10 7
-63 82 18 32 0 7 -9 7 -6 -2 -9 3 -6 0 0 5 -1 4 -3 0 -7 0 -6 0
-366 176 -18 23 5 19 0 -11 -19 -11 -8 7 -5 -13 -11 3 7 10 3 1 -5 3 -6 -4
-197 131 33 43 20 22 5 7 1 -1 -9 -3 -5 -5 -11 -2 -6 -4 -11 -6 -7 -6 -8 0
-292 89 -27 32 -8 10 -8 2 -7 1 -10 -4 -19 -7 -11 -3 -8 -6 -9 -2 -3 -8 -8 0
-398 221 10 -2 1 -4 -1 -4 -8 -6 -3 -3 -8 -12 -14 -13 -9 -4 -1 0 2 0 -2 -1
-317 130 19 37 6 12 0 5 0 -1 -2 -5 -14 -1 -4 -1 -11 -6 -6 -4 -4 -1 -4 -8
-294 156 31 44 10 11 9 4 3 5 -1 0 0 -3 -10 -5 -4 -6 -5 -1 -1 -2 -2 0
-329 140 -26 58 8 25 9 1 3 13 2 -2 -5 -1 1 4 1 0 3 2 0 -3 0 3
-239 158 0 30 -10 14 3 2 0 0 -1 3 -5 -1 -3 0 -5 -4 -8 -2 -4 1 -2 4
-107 144 -65 18 -35 -4 -17 -11 -13 -16 -21 -20 -15 -6 1 6 0 4 -11 -9 5 8 -3 -1
-62 34 -15 43 11 31 -8 10 0 6 -1 0 -4 -2 0 0 -9 -1 -4 0 -7 3 -3 -3
-173 140 12 24 3 3 -10 -5 -8 -6 -10 0 1 6 0 0 -9 0 0 -2 -9 2 -2 1
-205 91 70 29 2 19 -10 -3 -2 14 -1 7 -11 -3 -8 1 1 10 9 8 -8 -2 -6 1
-179 70 45 29 12 4 0 0 -12 8 -1 3 -5 3 -2 -3 -4 1 -7 2 -4 -2 -6 8
5 80 -29 59 33 -3 -9 2 11 5 0 4 -7 -5 -11 -2 -6 0 -6 2 -6 1 0 4
-193 85 53 15 27 26 -11 6 -12 0 -8 4 -8 1 -2 0 0 9 0 0 -3 1 -1 10
-58 94 -18 43 4 7 6 14 -1 1 -3 5 -3 3 0 6 0 11 1 7 0 -9 -14 1
-262 141 -20 37 1 1 -7 -7 -9 0 -7 -1 -3 -11 -17 -9 -9 -8 -7 0 -4 -2 -6 -4
-79 126 -42 57 0 5 -5 -6 1 -12 0 -2 -10 -6 -12 -2 -5 0 4 0 -4 6 3 -3
-149 126 13 23 4 13 -1 3 -2 -5 -6 4 -1 0 -4 -4 -14 -8 -4 0 -1 0 -10 -1
-144 116 -10 63 4 10 -9 11 -3 -1 -2 7 0 -1 -9 -8 -7 1 -3 -7 -13 -1 1 6
-87 75 2 20 -5 2 -12 -2 -5 4 -2 5 -3 2 -5 -2 -11 -6 -13 -2 -1 6 0 0
-54 87 -3 19 -3 6 -2 7 -2 3 -3 3 -4 4 -9 0 -4 -1 -8 4 0 0 -7 -2
-16 84 -13 42 -1 4 -8 2 -2 1 -9 2 -6 2 2 1 -6 -1 -9 -5 -5 0 -9 -2
-87 87 -24 55 4 18 4 7 15 11 2 13 -3 1 -4 0 0 -1 0 3 -8 3 -4 3
-98 127 -7 41 -4 25 1 6 -2 5 -1 6 -3 -1 -5 2 -2 0 -3 0 -5 1 3 13
-357 184 61 15 15 3 -10 -13 -11 -11 -13 -15 -16 -14 -11 -9 -12 -15 -13 -4 -1 -8 -13 -8
-247 118 44 31 -3 9 0 5 -8 9 3 4 -6 4 0 -1 -3 7 -1 3 2 6 -17 6
-127 128 -1 26 5 16 0 4 -9 -5 -7 2 1 2 -10 0 -6 -4 -6 7 1 0 -8 -3
-114 84 -4 40 18 2 1 8 0 0 -2 9 0 1 -6 -7 -10 -1 -8 -15 -17 -1 6 5
-87 87 13 38 0 9 -9 4 -4 2 -6 0 3 10 -9 -5 -6 2 -4 -2 -9 2 -1 3
12 58 -51 35 21 17 3 16 -10 10 -4 8 3 -3 -2 6 -3 5 -4 1 -10 1 0 7
-180 134 -17 20 10 4 0 11 -7 2 1 4 -11 -3 -11 0 -7 3 0 0 -8 0 0 1
1 43 -36 80 21 -8 -1 -1 8 1 0 2 -6 2 -5 0 -6 2 -5 3 -1 0 -6 0
19 97 -21 34 -30 19 -2 -1 -6 0 -8 2 -10 0 -10 0 -12 2 -3 -3 -11 -7 -6 -4
-210 158 40 13 3 14 0 2 -3 2 -8 -5 -9 -5 -8 2 -8 1 -2 -5 -2 2 -13 -3
-70 64 -37 37 0 2 -3 8 -4 3 0 5 -2 0 -6 -9 -7 4 -1 2 -11 -1 -4 -1
-23 85 -7 32 -3 2 0 2 -8 8 -7 -2 -5 -3 -5 -5 -4 0 -3 0 -11 -3 -5 8
18 54 -1 50 1 10 0 11 4 -1 0 5 -6 0 -8 7 -6 -4 -5 1 2 2 -10 -6
26 97 -33 40 -1 13 1 12 5 2 0 3 -3 1 -6 3 -7 -3 1 1 -2 3 -5 -3
-23 105 -19 43 6 15 3 10 0 4 -1 1 -2 -1 -6 0 -1 0 -2 4 -4 1 -5 -3
-40 83 -17 21 -21 1 0 16 1 5 -6 -2 -13 0 1 3 -8 -3 -16 -2 2 9 -1 -1
-119 119 6 39 -12 22 6 2 1 3 -5 7 -6 -2 -12 -5 2 11 3 8 -2 0 4 0
-94 88 4 34 6 5 -2 0 -5 7 -5 -3 -8 0 -3 3 -5 0 -1 4 -5 0 -5 0
-267 151 -19 38 3 7 -2 -10 -9 -3 -10 -10 -13 -12 -15 -10 -8 -1 0 1 -5 -7 -1 6
-123 119 -5 20 -10 10 12 -2 -12 0 -5 4 -10 0 -9 2 -2 0 -12 0 0 6 -7 -6
-442 177 49 26 30 10 -4 -11 -12 -10 -11 -15 -16 -15 -14 -15 -15 -13 -12 -11 -9 -10 -12 -9
-79 98 -2 47 -5 -9 8 9 10 7 -2 9 -19 0 2 3 -1 15 4 -1 -11 4 -5 -1
-213 152 6 36 -18 -2 -7 -1 -13 -8 -17 5 3 5 3 -4 -11 -3 -9 -4 -7 -10 -7 -1
-326 180 -22 20 9 -14 -9 -7 -5 -9 -6 8 0 -2 -3 0 2 1 4 -2 -3 0 0 -4
-109 116 2 4 0 0 -4 2 -11 5 -12 -2 -10 0 -3 -1 -9 1 1 5 -4 1 -2 0
-20 71 -9 41 5 16 -5 1 4 2 0 14 4 7 3 2 -1 6 -1 3 -6 10 3 5
-284 128 35 18 -11 10 -16 0 -8 -2 -11 -5 -9 -4 0 4 2 2 -8 -9 -13 4 1 4
-144 153 -18 35 10 2 0 16 -5 -1 -3 -10 -3 -3 -2 3 2 11 2 5 -2 -6 -16 -3
-165 85 -36 44 -18 -7 -19 -19 5 5 -2 0 0 2 4 3 -9 4 4 3 -16 -8 0 -1
-238 102 68 32 21 6 1 9 -7 0 -2 0 -14 -1 0 0 -11 0 0 0 -10 8 -4 -6
-42 104 8 24 6 -1 -4 0 -17 0 -10 -4 -6 9 2 12 5 9 -3 0 -12 -3 -8 0
-145 93 25 18 32 16 -20 10 -14 1 -7 6 -3 5 -10 -8 -5 10 9 7 -4 7 0 6
-16 113 -28 45 5 -1 -5 1 -1 7 0 7 -4 0 -8 -2 -5 -1 -5 -4 -4 8 -3 -4
-164 139 18 29 4 2 -10 -1 0 3 -2 2 -7 -6 -4 3 -1 5 1 3 0 2 -8 -5
-105 87 -2 27 14 8 11 12 -1 4 1 6 -5 -5 -13 -11 -10 2 -2 5 0 5 -3 0
-53 79 -26 22 -18 6 6 17 0 -7 -17 0 -2 0 -8 0 -8 -3 -6 6 -7 -2 0 1
-44 92 -13 31 1 7 -4 2 -3 1 -5 -6 -9 0 -5 3 -4 1 -9 -9 -12 1 0 4
-46 92 -3 16 -6 0 -10 1 -6 2 -4 2 -4 6 -6 0 -5 -1 -5 5 -1 -1 -6 0
-27 90 -2 33 11 -2 -5 1 -14 5 -3 6 2 11 1 5 -5 0 -9 -3 -4 4 -10 -1
-258 156 -19 45 0 9 -4 3 -1 6 -1 8 -5 -4 -4 -5 -4 1 -1 1 1 5 -4 -7
-59 151 -39 24 -25 6 -13 6 2 2 -9 -11 -6 -2 1 1 -2 6 -11 -16 -4 0 -7 2
-41 87 -60 39 -32 18 -3 1 -7 -17 -5 -3 -4 -1 -14 7 -11 16 -5 1 -13 1 0 -8
-23 73 -31 90 18 4 2 4 10 2 3 6 -2 5 -1 4 -6 2 -6 0 -3 -1 -4 -3
-13 49 -2 76 2 11 2 11 6 0 -3 2 -4 3 -8 5 -6 1 0 0 -1 3 2 0
-144 91 4 42 7 24 2 5 -4 11 9 17 2 -5 -17 -4 -1 5 -7 6 0 3 -6 0
-152 98 26 5 33 26 -13 12 -14 -2 -16 0 -6 5 -3 0 0 5 -2 0 -5 1 -3 7
-324 192 -6 19 11 2 -12 5 3 8 -2 1 -5 1 -4 0 1 2 0 -5 -1 -5 1 0
-151 122 15 17 10 7 9 2 -3 6 2 9 3 2 -13 -7 -6 0 -7 -7 -5 8 -6 -4
43 94 -27 24 -3 16 -7 10 2 7 -2 -1 -10 -1 -6 0 -6 4 1 -3 -10 1 -5 -2
14 74 -23 37 0 15 -1 3 -2 0 -2 3 2 -3 0 5 -6 6 -10 1 -5 -3 -8 0
-203 86 42 34 3 24 -5 12 -13 12 -12 -3 -8 0 -7 -4 0 1 -3 3 -6 -4 -6 -1
-48 78 18 37 7 23 -1 1 -7 -3 -12 3 -3 0 -5 1 -5 1 -4 -1 -11 -6 -13 -2
-21 113 -49 45 14 10 3 9 6 1 -4 9 -9 0 -2 1 -4 -4 -5 3 -6 -6 -5 0
-17 73 -14 61 13 18 6 7 1 6 -1 7 -1 -1 -4 1 -5 -1 -5 1 -7 0 -4 0
-126 113 -4 34 8 18 0 5 -4 0 -4 1 -5 -1 -8 0 -5 3 0 2 -2 3 -2 0
-21 73 16 34 7 10 0 4 4 8 0 7 0 9 -2 0 -6 1 -11 -5 -2 0 2 10
-68 136 -11 28 9 0 0 13 -4 8 -1 2 -6 -2 -1 11 -4 -4 0 3 -1 12 1 -2
-262 158 51 31 9 13 3 6 -6 3 -8 -3 -7 -4 -2 3 -7 0 -3 -3 -4 4 -11 -4
-280 78 -7 76 12 34 14 5 5 9 3 7 2 0 3 -3 -9 -7 -6 -8 -9 -5 -12 -7
-236 94 50 34 -4 0 -15 4 -2 9 3 4 -1 -3 -2 -2 -7 2 -3 0 3 0 -7 3
-143 143 -34 32 0 9 0 8 -2 6 13 9 1 -8 -6 -2 -10 -3 -8 -4 -4 3 -4 -1
-77 72 -5 35 0 -1 2 -2 -8 5 -8 3 0 7 -2 0 -4 1 -5 4 -2 5 0 1
19 76 -19 28 -12 11 0 6 -10 -1 -9 1 -3 2 -2 4 -2 5 1 1 -11 -4 -5 2
26 87 -10 29 6 4 4 5 -5 4 3 3 -7 2 -6 0 -5 1 -10 1 0 -3 -2 1
-106 92 -4 25 6 18 5 7 -1 5 -3 5 -7 -5 -8 -1 -8 11 6 8 0 -5 -11 -4
-66 110 5 39 -3 3 -18 11 -8 1 -8 2 -10 2 -7 -2 -15 -2 5 7 -9 2 -2 -4
0 77 -15 66 4 4 12 9 -3 9 -2 3 -3 0 0 0 1 5 -3 3 -3 1 -1 0
-40 89 8 31 12 10 -1 -2 -1 3 1 3 -4 5 -6 0 -6 0 -13 -8 -4 -5 0 6
31 94 -30 26 22 10 2 7 2 3 -1 2 -6 0 -5 0 -7 2 0 -2 -9 0 -4 3
14 82 -15 53 1 13 5 7 5 4 -4 5 1 9 3 6 -2 -2 -1 0 -8 2 0 4
-58 84 -5 58 -8 5 -13 11 -5 5 7 14 1 0 -6 1 -2 2 -6 -9 3 11 -2 0
-58 103 -50 51 3 -3 -2 16 5 4 -6 3 -8 -1 -6 4 -4 5 2 6 1 6 -2 -1
-50 109 -38 49 15 11 1 6 -1 2 -2 2 -6 0 -3 3 -5 1 -1 1 -6 -3 -4 1
-82 113 -15 44 14 4 9 11 3 0 -1 6 -5 2 -4 -2 -7 -2 -7 1 -7 -1 -8 -2
-110 105 -11 26 -8 17 0 6 -8 9 -5 1 -3 -2 -9 -2 -5 1 0 0 -8 0 -4 -2
-157 133 7 27 3 10 0 9 -2 3 0 -2 -8 5 -3 2 0 2 -5 -1 -9 -4 -10 -4
-87 109 -13 59 -8 12 -5 6 -6 -6 0 2 -4 4 -3 -1 -5 5 -2 1 -7 0 1 7
-42 115 -6 44 -2 7 -3 10 -6 1 -6 -2 -5 -1 -10 2 -3 3 -1 4 -3 -4 -6 0
-283 148 -22 36 3 3 2 2 1 4 4 -3 0 8 6 6 1 0 -6 1 -2 -9 -5 3
-51 103 -7 41 9 17 -2 4 -10 -4 -10 3 -7 -4 -13 -4 -3 3 -7 -5 -10 2 -6 -5
-66 78 -7 32 11 7 -11 5 -1 0 -7 2 -6 1 -4 1 -7 0 -6 -1 -7 -5 -9 -4
-136 153 -30 45 -9 15 -15 5 -9 1 1 0 0 0 1 -4 -7 -7 -11 -7 -3 -1 -4 -1
-95 142 -3 42 10 12 -3 10 4 -1 -2 7 -11 0 2 -4 -5 4 -1 -5 -12 -4 -1 -4
-28 73 14 40 -4 6 -6 2 -8 12 -5 1 -8 1 -8 3 -5 -1 0 1 -1 1 -2 0
-151 80 22 12 21 14 1 6 0 1 -10 1 -6 2 -5 -1 -4 -3 -3 -1 -10 2 -2 2
-290 158 12 22 6 25 20 4 1 -7 -8 1 1 1 -3 3 3 1 -4 -3 -7 -8 -3 4
-37 122 -27 35 1 11 9 9 4 5 1 1 -5 3 -2 3 -4 -3 -4 6 -5 -4 -7 1
-176 105 2 29 13 24 -3 4 -1 2 -10 -1 -1 1 -11 -6 -9 -1 -13 -6 -8 0 -1 2
-99 111 5 26 8 9 5 5 -2 4 -3 0 -2 -2 -6 1 -3 3 1 2 -8 5 -2 0
-409 201 15 22 5 -4 21 11 -14 -1 2 -6 -3 8 3 8 0 -11 -5 14 -5 -7 9 -1
-33 89 -32 21 14 10 -2 0 -2 2 -2 -1 -3 0 -11 2 -6 -9 -6 0 -19 -6 1 0
-129 114 16 0 -4 7 7 5 -5 18 -8 -5 -1 -3 -11 0 -2 -7 -8 6 -3 0 0 4
-136 98 41 29 14 12 8 15 0 1 1 -1 -1 -1 -2 -5 -7 0 -4 4 -2 1 -9 -5
-100 122 -19 29 -7 13 -5 0 -5 -2 -6 0 -11 -2 0 6 -1 0 -11 2 5 -1 -11 -5
-52 95 -13 23 4 6 -4 14 1 13 -4 3 -1 8 -10 2 3 -3 -11 5 7 -2 -2 0
-172 98 21 20 -2 10 1 0 -3 1 -5 -2 -2 2 -7 3 -7 -1 -8 3 -3 -9 -8 4
-173 102 -9 31 19 22 -9 4 0 5 -6 1 -1 -1 -16 -9 -8 2 -15 -11 -6 6 -2 -1
-129 108 -47 56 -15 20 -21 25 -26 10 -7 25 -13 0 -5 -2 -9 8 9 -16 1 4 4 -3
-112 134 -30 29 -11 11 -6 -1 -6 -2 -6 1 -8 0 1 4 -1 1 -8 0 0 -1 -8 -1
-158 137 16 34 -14 6 15 16 -11 4 6 -1 -7 -2 -9 8 0 -2 -8 1 8 6 -3 0
-228 83 35 34 17 25 5 7 0 20 -6 2 -1 6 0 0 -5 1 -3 -1 -8 0 -6 -2
-128 117 1 16 -5 12 -3 -2 -5 1 -11 -1 -8 -3 -7 0 -8 0 -5 -10 -8 7 -1 1
-214 127 13 13 -1 13 -1 7 1 8 0 5 -1 4 -3 0 0 1 -6 -2 -1 15 3 0
-91 111 -17 11 14 18 3 2 -12 1 0 4 -2 1 -2 3 -2 0 -8 2 2 2 -8 1
-162 90 -77 50 3 6 -9 -1 -8 0 -22 -10 -6 -4 -2 0 -6 6 -9 -5 -7 -1 -2 3
-181 159 15 21 -3 0 -5 2 -4 -2 -7 -5 -10 -6 -9 -3 -9 -5 -8 -6 -9 -4 -10 -2
-95 112 -6 40 24 14 -1 4 -1 4 -6 13 -1 6 0 9 -7 2 0 13 -11 -8 -6 0
-138 95 -26 37 10 38 -4 20 -4 13 -14 -7 -16 10 -8 2 -2 6 -23 -12 -2 11 -4 -5
-79 75 -3 36 14 19 6 5 -3 1 -7 1 -8 -2 -8 -2 -11 -4 -4 0 -7 -1 -8 -2
-13 81 -12 31 3 7 2 5 -10 -3 -10 9 -2 -1 -8 0 -9 6 1 -2 -15 -3 -1 2
-88 83 23 16 1 10 -1 4 -7 0 -3 0 -3 -1 -1 6 3 6 1 0 -13 -4 -7 7
-160 114 -45 48 -6 22 -26 20 -5 18 -15 -4 -14 14 8 6 6 6 5 -12 -13 -1 0 -7
-149 108 14 33 9 12 -5 0 1 13 -2 1 -4 2 -6 -2 -12 -5 0 5 -11 -5 -9 2
-91 150 -43 41 -20 29 -15 11 -20 4 -13 4 -6 -2 -9 0 0 0 0 -14 1 -2 1 -5
-159 119 27 12 3 12 0 9 -10 2 -6 5 -4 2 -1 2 -6 0 -1 8 0 1 -8 1
-160 141 -91 46 3 20 -1 -11 -4 0 -7 -6 -7 5 -8 0 -3 -6 -6 2 -5 -5 -7 7
-232 117 30 21 -2 12 -2 5 -1 5 0 5 0 5 -3 0 -6 -3 -2 1 -7 4 1 5
-174 126 4 18 6 12 2 6 -1 10 -1 0 -9 -1 -4 4 0 0 -12 -5 -7 -5 -10 -4
-125 78 26 28 -7 1 -3 8 0 2 -11 -2 -6 0 -7 3 -9 -3 -2 1 -8 -1 -4 4
-128 99 17 -2 28 28 -17 0 -12 10 -2 2 -3 -5 -12 -1 -14 6 4 0 -14 -10 6 3
-227 127 19 18 1 13 0 0 -14 -1 -3 7 -2 1 -10 -1 -5 2 -6 -2 -6 2 0 1
-286 164 57 26 8 24 0 5 -10 13 9 12 -5 -6 -13 0 3 -7 -7 16 3 0 -3 0
-161 70 36 15 2 24 25 8 -4 9 14 6 -7 0 10 16 8 6 -10 -16 0 15 0 -8
-36 58 2 31 22 9 1 16 -2 8 -2 8 2 0 -12 2 1 2 -8 -2 -3 5 -7 -1
-117 115 14 9 -2 19 15 4 5 7 -2 -2 -7 -6 -2 6 0 3 -9 6 0 -2 -8 -7
-187 130 6 15 5 11 -7 4 1 12 -1 3 -3 2 -6 -4 -5 -2 -12 -2 -1 0 -4 2
-149 111 -17 32 -5 42 0 21 -8 8 -10 0 -16 -2 -6 8 -7 0 -8 5 -2 1 -8 -5
-158 59 17 9 10 16 -7 -11 -2 2 -2 7 7 -7 -15 -3 1 5 -15 -22 -1 10 -9 -6
-133 101 21 -15 -3 14 9 0 -5 0 -4 0 -1 -2 0 1 -5 4 6 -1 -14 -7 -5 3
-85 115 0 15 15 22 -3 4 -7 8 -5 1 -7 0 -2 3 -6 0 -3 0 -5 -2 -9 -3
-78 66 20 14 14 14 0 16 -4 7 -4 -3 -7 1 0 -1 -8 -6 -8 -1 -11 0 -6 1
-75 102 5 9 16 4 3 11 -6 11 -7 3 -1 5 -7 6 1 -1 -10 -2 -5 2 -8 -5
-182 98 29 22 3 15 3 2 0 5 -2 1 0 3 -4 6 -5 0 -11 0 -5 -8 -7 6
-131 105 -1 36 -5 16 -5 4 -3 -7 -11 7 -9 1 -7 -9 -11 -8 -6 1 -9 -3 3 7
-52 99 0 34 -8 13 -13 -10 -13 0 -6 3 -2 0 -13 -6 -15 -5 -8 -6 -13 -1 -9 0
-182 72 58 14 -2 4 10 11 8 14 4 7 1 -5 1 8 -4 0 -1 -10 -11 4 2 0
-156 66 34 37 14 14 0 -4 -10 0 -10 -1 -12 -1 -13 -3 -13 -16 -10 3 -3 0 -16 -8
-131 110 -5 21 -5 7 -4 0 -2 2 -6 1 -6 1 -6 0 -7 0 -5 -2 0 4 -4 4
-265 136 40 4 18 27 -21 4 -8 5 -11 -13 -12 -1 -12 3 -18 0 -6 -1 -1 -13 0 -1
-55 88 -16 17 4 1 -5 11 2 11 -10 -6 -7 9 1 3 0 6 -8 -6 -1 6 -7 0
-111 102 15 41 28 10 0 7 4 5 -6 -2 -8 -2 -4 1 -5 2 -5 -1 -2 3 -2 0
-145 70 34 25 -1 23 1 5 -9 1 0 3 -7 -1 -4 7 -2 -1 -6 1 -1 0 -11 -1
-90 117 24 15 12 5 10 13 -8 9 -6 5 0 5 -8 4 -4 -2 -2 3 -3 1 -11 -7
-170 59 7 -6 22 29 -17 0 -7 9 0 9 -8 0 1 6 1 0 -4 9 2 -4 -9 6
-39 126 -38 42 -11 27 -4 9 -7 12 -3 -3 -4 8 -2 -1 -7 -7 -12 8 -4 -9 -1 -4
-188 83 25 22 -4 9 9 -3 -10 1 -11 3 0 12 13 -1 -5 4 -12 0 -3 -12 -13 4
-173 139 -21 42 3 18 -3 8 -7 -2 -11 -6 -13 -3 -11 -5 -6 -3 -9 -3 -9 -8 -5 0
-86 74 22 9 15 3 7 8 7 6 -5 -3 0 0 -4 0 -4 4 -4 -6 -5 3 0 1
-77 96 7 30 9 13 7 0 1 13 -4 5 0 2 0 7 -3 1 -5 -6 -9 3 0 -2
-266 106 38 50 7 18 10 4 4 11 -1 -3 -6 0 -3 3 -2 -6 -10 0 -10 -8 -12 -8
-246 95 37 7 14 9 -8 9 0 6 -6 2 -10 -2 -6 3 -1 -2 -8 7 3 9 -3 -6
-34 88 -21 15 9 15 -3 0 -8 0 -2 1 -14 -2 -8 -2 -2 2 -6 1 0 3 -2 0
-192 97 41 18 7 8 0 4 -6 3 -4 9 -1 1 -9 -2 -5 -4 -10 0 -8 -7 -1 2
-249 82 6 26 5 15 13 13 -5 0 -2 3 -3 0 -7 0 -12 -3 -2 4 0 -5 -13 4
-26 73 -2 41 16 14 -3 9 -1 2 -5 3 -8 0 -8 -1 -7 3 0 -4 -4 8 0 -8
-93 99 -10 21 0 3 -9 1 3 -1 -1 4 -6 0 -6 -1 -1 -2 -9 -5 -10 2 -4 -3
-146 113 15 13 15 27 17 9 -1 -7 -3 -2 -5 -3 -9 3 3 5 -1 -1 -11 4 1 1
-35 114 5 35 10 7 -6 4 8 8 4 1 -6 -3 -8 -3 -9 -1 -4 5 -9 1 -10 0
-203 93 20 14 21 23 9 3 -10 3 0 2 -7 -2 -13 -5 -6 0 -5 -6 -8 6 -1 -2
-117 131 -27 35 -10 15 -5 -1 -8 0 9 -8 -6 -8 -16 -1 -4 2 5 15 -11 -7 0 2
-124 91 24 22 16 19 -1 9 2 4 -5 2 -1 0 -6 2 -1 0 -3 1 -9 -1 0 4
-27 57 -2 30 23 8 0 16 -1 9 -3 2 -1 6 -5 -3 -4 7 -2 -5 -9 5 -4 0
-205 114 26 20 2 13 0 2 -13 0 -1 7 -3 0 -9 0 -4 2 -6 -1 -6 2 -1 2
-186 153 18 23 3 4 -5 -1 -4 0 -7 2 -9 -4 -12 -3 -8 0 -11 -9 -10 -4 -12 -11
-145 147 -15 16 -6 10 -6 -4 0 -5 -12 1 -11 -2 -5 -4 -7 -6 -7 -9 -7 5 -7 2
-236 103 -25 14 -10 3 -12 2 -14 -13 -19 -9 -16 -12 -11 0 0 13 9 0 -17 -7 0 5
-183 110 -25 44 9 36 -4 21 3 12 -5 11 -4 -9 -14 6 -1 0 -16 0 1 1 -11 -5
-51 62 -46 48 13 9 -6 11 -1 0 -1 -1 -6 3 -9 0 -2 0 -10 1 -1 3 -5 0
-107 107 -18 35 6 23 14 1 0 10 3 4 -3 4 -3 4 -5 -2 -3 -1 -13 -6 -7 14
-89 90 -17 1 15 32 0 1 -7 8 -1 0 -8 0 -9 0 -6 -1 -10 -12 -10 3 -3 1
-123 125 15 11 6 14 -4 -2 -14 -1 -11 -4 -8 4 0 4 -2 3 -1 2 -6 0 -3 4
-26 89 -9 19 12 17 10 16 -1 2 -5 5 0 4 0 7 -5 -2 0 0 -4 -2 -1 6
-212 112 26 20 2 11 -2 0 -13 -1 -3 5 -5 0 -10 0 -5 0 -6 0 -4 3 -1 1
-62 101 -23 10 12 21 5 10 1 10 0 1 -5 1 -10 -1 -10 -6 -12 4 -8 -9 -13 -2
-76 97 -23 25 -1 15 0 10 -7 3 -2 0 -6 -4 -6 1 -1 5 7 -5 -20 12 3 0
-166 116 31 20 -9 11 -1 1 -9 -3 -7 3 -3 3 0 6 -2 2 -2 4 -4 4 0 -1
-15 69 -24 24 13 23 0 7 -11 5 -5 5 2 9 -6 4 -9 3 -3 2 -4 -2 -12 -2
-165 110 8 46 5 22 -7 4 -2 8 -1 0 0 2 -6 2 -9 2 -1 -7 -13 0 -3 -4
-160 137 0 10 2 19 8 2 1 -1 -4 1 -5 2 -3 1 -7 -2 -9 2 -5 -6 -7 3
-167 136 -92 44 2 18 -3 -14 -5 -1 -5 -6 -12 1 -5 2 -1 -6 -3 6 -11 -14 -6 5
-174 91 43 34 15 21 1 5 -4 17 -8 4 -1 3 -3 0 -5 3 0 0 -9 0 -4 2
-81 87 41 -2 3 2 11 15 7 2 -6 1 -1 -3 -5 -1 -8 -2 -9 -8 -3 6 0 -1
-579 198 28 1 4 10 0 -8 -5 2 6 0 -2 -2 -1 4 4 0 -4 -3 -1 0 5 2
-28 98 20 30 3 15 4 6 0 11 2 8 0 1 0 6 -1 8 0 -1 -10 4 -3 1
-3 85 8 26 9 8 -11 18 0 8 -1 8 -4 4 -2 4 -6 -4 -4 0 3 1 0 -2
-355 198 -24 6 19 3 -14 6 0 -2 -8 6 -2 1 -3 0 0 -1 0 0 5 1 4 -3
-293 160 -15 22 1 8 0 8 4 6 -6 -8 -5 5 5 5 0 -5 -11 -8 -5 0 -8 -8
-258 198 -16 5 7 -10 -17 -17 -14 -10 -12 -14 -20 -10 -9 -13 -11 -8 -8 0 -2 -1 -5 -9
-290 160 1 26 5 6 3 8 4 0 1 1 -1 8 0 0 -2 -5 -3 -1 1 -1 -6 -4
-77 102 -13 33 10 19 7 8 1 8 -2 3 -2 3 -4 4 -1 -2 -1 2 -1 3 -1 -1
-293 168 -53 47 -14 -13 -11 -6 -8 -2 -3 -4 -1 -3 -1 -6 3 3 3 -1 -3 3 5 0
-278 114 35 14 -2 15 7 14 -6 7 -4 6 0 0 -9 1 -2 -3 -2 2 -13 -2 0 -5
-131 95 21 22 2 6 0 -3 -11 -1 -2 -3 -10 -4 -9 -5 -5 0 -9 -4 -5 3 -4 -1
-335 198 6 3 10 -11 -10 -12 -15 -4 -5 -1 13 15 6 -1 -7 -10 -6 -4 -7 -11 -9 -4
-315 160 13 28 8 18 -2 0 -2 1 -5 3 1 3 -2 0 -4 0 -7 -1 -1 3 -2 -2
-335 232 -28 5 4 -6 2 -7 -3 1 -2 -8 -7 -4 -6 -6 -1 0 0 -1 -7 0 1 -7
-382 203 -32 2 -3 -11 -10 -10 -10 -12 -3 0 -1 0 0 -1 1 1 -2 -3 1 -3 -6 -6
-335 200 -5 8 6 -10 -9 -10 -12 -5 -5 -8 -7 -5 -5 -5 -8 -9 -2 -8 -12 -2 1 -8
-153 140 5 33 3 13 6 11 -1 5 -2 0 -2 2 -1 0 -1 2 -5 0 0 3 -2 2
-191 126 -14 45 6 19 5 3 -10 -3 -4 0 -5 -2 -2 -1 -9 -1 -5 -3 -12 -8 -15 -12
-193 97 5 31 6 16 -15 3 -8 0 -3 3 -5 -2 -5 1 -2 2 2 6 -3 -2 -8 1
-339 235 -30 0 18 -4 -2 -4 -13 -8 -3 -11 -2 -4 -9 2 2 4 8 -4 -7 -7 -10 -6
-269 170 -47 51 -13 3 -9 5 0 0 2 -3 4 1 1 -6 -1 -3 -2 -1 -1 2 3 -3
-351 141 -22 32 6 3 -11 5 -8 2 -4 9 -2 5 0 -2 3 -3 6 -2 3 -3 5 -5
-230 183 -38 32 -19 3 -8 -1 -6 -6 -6 0 -3 -7 -6 -6 -7 -5 -5 -4 -5 -3 0 1
-306 212 -17 6 17 1 3 -8 -16 -12 -5 -9 -14 -7 -6 -11 0 0 -13 -8 -3 -3 3 1
-195 59 41 20 -1 16 -4 5 2 4 -6 0 -12 -2 3 7 3 7 -3 0 -2 2 -8 0
-175 126 18 23 15 13 3 11 -2 0 1 6 -5 1 -6 -8 -9 1 0 6 1 4 -5 3
-250 181 -39 24 -3 5 -4 -6 -6 9 6 -3 -7 -3 1 0 0 -7 -8 -2 -5 -7 -3 0
-319 216 -22 11 22 -2 -13 0 -6 -1 -8 2 -7 0 -2 1 -1 -4 2 -3 1 -3 3 -3
-63 86 -31 24 -15 3 -4 4 -13 -3 -11 0 -9 4 -2 -1 -4 7 0 0 -10 -2 -11 -1
-322 167 -40 4 7 -15 -6 3 -5 -7 -9 0 2 6 3 1 0 -6 0 0 1 -3 0 -6
-137 130 7 30 6 13 0 7 1 6 -3 -2 -3 2 -5 0 0 0 -3 4 0 2 -6 0
-368 195 -3 8 13 0 -4 2 -5 -6 -4 0 -6 0 -1 0 0 -1 0 0 5 0 0 -4
-336 199 5 -18 -1 -7 -5 1 6 6 -3 -5 -4 0 -4 -5 0 -3 -7 -1 6 1 0 -1
-554 187 20 11 16 2 -9 -8 -2 -5 -2 -9 -11 -3 0 7 15 17 14 7 4 -1 -3 2
-269 184 -34 28 -5 -4 -24 -15 -15 -13 -8 -8 2 -5 -4 0 0 3 3 0 -4 -2 0 -3
-308 184 -10 -4 11 -7 -10 0 2 3 1 6 3 4 1 0 0 -1 -3 -5 1 0 0 0
-531 202 34 5 4 -5 -7 -9 -11 -11 -5 0 6 7 2 -1 -2 -3 -7 -6 0 8 8 2
-444 225 -18 2 12 -5 -14 -13 -10 -19 -12 -6 -7 -1 -1 -2 -2 -5 -4 -3 0 4 1 2
-308 174 0 10 12 -1 -5 2 0 7 4 5 -3 3 2 0 -6 -8 -2 -1 3 -4 1 -2
-223 106 -54 5 -13 0 -12 6 0 12 -11 -7 -5 0 0 8 1 2 -5 -8 0 10 5 0
-327 177 -22 16 7 -7 -3 5 6 4 -6 5 0 4 -2 -5 -3 -6 2 0 4 -2 4 -1
-246 122 4 19 5 11 2 8 -7 -2 -9 -3 -1 4 -4 -5 -11 -3 -10 -7 -2 3 -8 -6
-297 196 -29 9 -7 -9 -5 -6 -5 -2 -14 -13 -5 0 1 0 -2 -10 -9 0 -2 -5 -3 -1
-164 168 -34 29 -10 0 -11 -8 -11 -6 -15 -3 -5 -10 -9 -5 7 0 -5 3 1 -2 3 11
-286 179 -43 44 -7 1 -8 4 1 1 4 -2 0 -4 -3 -4 0 -3 -2 0 -1 2 3 1
-163 113 -14 40 9 10 0 8 2 7 -2 0 -3 7 3 6 4 6 -11 -7 -1 6 -2 -2
-172 80 47 11 27 39 -13 6 -16 9 -11 1 0 4 -4 -1 -2 5 0 5 -2 1 -6 7
-234 134 -66 56 -27 3 -9 16 -6 2 -2 -1 6 0 5 -7 0 -6 -1 -1 -2 -1 1 2
-77 87 4 25 -3 8 0 10 -7 1 -4 2 1 1 -4 3 2 2 -4 0 -3 -6 -13 0
-353 107 37 23 19 20 14 5 0 16 8 0 -10 4 5 12 1 -3 -14 -1 -10 2 -4 10
-208 77 -9 28 -3 4 -21 -3 -18 -7 -10 1 -13 -8 -14 -5 -11 -9 -15 -2 -4 -1 -11 -3
-350 197 -40 21 -1 7 5 0 -5 -7 -11 -11 -3 1 -1 -4 -3 -2 -1 2 -1 -6 -9 -4
-192 182 -42 38 -12 5 -17 0 -11 -4 -6 -12 -4 1 7 6 1 -6 -10 -9 -9 -7 -6 -6
-334 149 -38 53 -19 -5 -10 6 -8 6 10 6 6 -4 0 -4 3 -2 -5 -4 0 9 2 -5
-358 202 -27 -14 -24 -7 -2 4 5 -6 -13 -8 -1 6 2 3 11 12 3 -1 0 2 -2 -10
-274 171 -27 28 -13 -5 -4 -1 0 7 0 7 -4 0 -8 -8 -2 -4 0 -3 2 -7 0 -4
-219 160 -44 19 -9 -3 -13 -10 -9 -3 3 6 0 -4 -2 0 -1 0 -2 1 -4 -3 1 0
-307 175 -8 23 -5 6 -14 11 -7 11 -9 9 -9 2 -8 -7 -3 -4 5 0 9 -8 1 -9
-279 235 -64 26 -3 -2 0 -2 0 -8 1 -5 -13 -3 -4 -3 0 -8 -11 -4 -1 -2 -5 -4
-52 103 16 13 4 2 -2 3 -11 8 0 6 -7 1 -6 2 -5 -1 -7 5 -2 6 0 0
-375 146 0 23 -11 1 -17 5 5 27 7 22 -2 -4 -11 -3 -5 -2 1 -12 0 -5 7 -3
-426 237 7 -10 6 -12 -9 -5 -6 0 0 -14 -12 1 5 1 3 3 -3 -5 -2 -6 -6 -4
-342 140 19 37 11 17 0 5 0 -1 -9 -1 -1 6 6 8 1 -1 -4 -1 -8 -7 -8 -4
-325 156 -33 14 -3 -5 13 11 9 4 2 9 4 3 -3 -7 -5 -10 -5 1 5 -2 -1 -2
-379 189 -40 13 -14 -3 -5 -1 -1 -1 -5 -10 -8 -3 1 1 3 6 6 4 -1 -4 -5 -3
-324 213 -29 20 -1 -4 -16 -21 -15 -11 -9 -6 -6 -7 -4 -6 -8 -10 -9 -2 -1 -4 -9 -4
-290 167 -33 31 3 -3 -16 4 -7 2 -8 0 -7 3 0 4 3 -3 0 -6 3 -1 4 -8
-243 101 42 24 6 13 0 0 1 2 -4 9 -2 4 -2 4 -2 1 -3 -1 -6 3 0 7
-550 192 24 5 2 -2 -16 -15 -13 -5 -1 2 -1 0 -1 1 4 2 -3 -9 -9 2 8 0
-183 124 11 18 -3 8 0 4 -4 -1 -10 -5 -7 0 -6 5 -5 -1 -7 -5 -5 2 -7 -7
-314 179 -25 8 -12 4 15 22 5 -12 -16 2 5 -1 -9 -7 -4 -6 0 12 2 -4 -4 -3
-368 208 -22 19 -4 -6 2 0 -4 -16 -18 -3 4 0 -3 -3 -4 0 2 11 10 0 -2 -1
-211 125 20 27 -5 9 -14 -3 -12 4 -4 3 -8 -1 -7 -3 -2 2 -3 0 -5 0 -5 3
-185 173 -68 24 -8 -3 -15 -12 -15 -21 -14 -3 -2 -5 -17 -12 -15 -7 -12 -12 -7 3 1 0
-119 138 6 31 3 9 -3 7 1 9 2 1 -3 2 -3 0 -3 1 -3 4 3 5 -4 1
-332 189 -52 -6 -15 -4 -9 -9 -11 -3 0 5 2 -1 -2 -5 0 3 1 -7 -7 1 0 0
-252 118 35 25 8 7 1 7 -3 10 3 1 -2 3 4 0 -4 5 -1 0 -1 -4 -14 0
-337 182 -47 -2 -24 -15 -11 4 7 13 1 -4 -8 -6 0 0 4 -4 -10 -8 3 7 -1 0
-214 144 -32 38 -25 -16 -11 -5 -7 -7 -8 -11 -10 -3 1 1 5 0 -3 5 7 6 -5 -2
-245 186 -39 33 -10 0 -12 -5 -9 -4 -11 -6 -2 -1 -3 0 -3 -3 -5 -3 -4 0 -2 0
-508 218 22 -7 19 10 -3 -7 -12 -17 -15 -8 -3 -1 -1 -3 -6 -4 -1 -1 -1 1 0 0
-222 183 -50 27 -10 11 -6 -5 -9 -1 -5 -6 -11 -6 -5 -2 -3 -1 -9 -7 -8 -7 -6 -2
-221 121 21 31 -1 11 -11 -1 -13 -1 -12 1 0 7 -3 -3 -7 -2 -7 0 -2 3 -5 0
-139 92 11 36 -4 7 -7 8 -5 9 1 8 3 0 -9 1 -8 -2 0 1 -11 0 -5 -2
-219 188 -34 22 8 6 -3 -10 -11 -5 -5 -7 -8 -5 -13 -8 -3 -2 -6 -5 -5 -8 0 2
-427 203 -15 -9 -7 -19 -18 -12 -9 -4 0 -4 -3 4 4 5 9 3 -5 -4 -4 -6 -7 -10
-421 172 30 0 13 2 -4 -4 -12 -15 -10 -10 -5 3 0 -5 0 6 6 2 -2 -8 -11 -10
-389 206 -26 5 -4 -14 -14 -13 -9 -13 -11 -12 -12 -12 -8 1 2 5 0 -9 -11 -6 0 0
-283 208 -33 4 17 -6 6 5 -2 -2 -3 0 0 -2 -4 -2 -1 -1 1 0 -2 -3 2 1
-104 114 -14 20 -6 6 -9 0 -6 -6 -10 -1 -7 -5 -4 8 2 6 0 6 0 -1 -7 0
-124 97 22 23 4 0 -7 0 -9 0 -8 2 -1 1 -5 -1 -8 0 0 7 2 7 -4 -3
-248 202 -40 21 -6 -7 -13 -13 -6 -8 -7 -3 -8 -8 -10 -8 -5 -2 -5 -3 1 4 4 0
-249 102 40 36 14 16 3 4 -5 6 1 1 0 6 9 9 2 4 -6 -3 -1 -1 -10 2
-195 167 -18 42 -5 17 -1 2 1 5 -1 -7 -5 -3 -3 -4 -4 -3 -2 -6 -8 -3 -6 -1
-166 128 -28 56 -36 -8 -12 -2 -9 -1 -7 -9 -8 -3 0 -3 -2 -2 -7 1 0 2 -9 -2
-275 174 -48 49 -17 2 -9 7 -6 0 3 0 5 6 5 -4 -1 -5 0 0 -4 -3 -2 -5
-230 103 31 30 3 20 -1 3 4 7 0 11 7 5 -5 -3 -3 0 -7 -1 2 2 -3 4
-470 236 63 0 4 3 -1 -3 -2 -2 0 0 -6 -9 -6 -5 -8 -9 -2 3 0 -5 -6 -7
-377 193 9 -3 5 -9 -23 -20 -10 -3 0 0 2 -3 -8 0 11 14 -8 -21 -2 18 17 -5
-237 179 -45 30 -12 1 -11 -2 -8 -4 -14 -2 -2 0 -5 -3 -6 -1 0 4 0 0 -1 6
-201 158 -6 52 -25 -13 -8 -5 -10 -7 -6 -11 -7 -5 3 3 -2 5 -1 -1 1 2 -5 -3
-67 96 -2 34 1 9 1 8 -7 10 -1 1 -8 -4 -3 -3 -4 0 -4 5 -2 0 -5 3
-281 151 -48 35 -10 -9 -15 -11 -18 -8 -7 -4 0 -5 -2 -3 -6 -2 -2 -10 -4 6 5 6
-468 123 11 17 -17 -35 -17 6 13 22 5 -18 -28 -22 1 3 -11 0 16 -5 -36 0 27 21
-249 167 -39 29 -1 -8 -8 -5 -14 -6 -12 -2 0 -9 -3 -4 -5 -1 -1 -5 -6 -4 -3 4
-215 173 -18 12 0 6 -6 10 -7 3 4 11 0 8 11 14 4 1 0 14 6 -5 -12 -3
-176 95 0 23 -1 8 0 8 -2 0 0 -4 -3 -5 -8 0 0 3 2 -1 -11 -2 -1 -1
-110 101 -42 15 -10 -6 -17 3 -19 -19 -12 -8 -11 -3 -9 3 -3 3 -12 1 5 0 -8 0
-317 213 -22 17 8 -1 -6 -3 1 -8 -6 -2 -9 -3 -4 -6 -10 -3 -4 -1 0 0 -4 -3
-220 156 -52 14 -17 -15 -22 -9 -13 -9 -13 -15 -11 -8 -2 2 -4 -5 0 2 -18 -13 -2 1
-95 94 13 26 13 11 2 8 4 7 -7 7 -10 1 3 14 6 0 -14 -5 -8 6 -10 -11
-441 214 13 11 19 0 -4 -7 -10 -1 -4 -1 5 2 -3 -4 -4 -4 1 2 -6 -5 0 0
-255 134 -68 68 -10 16 -4 4 -1 -3 -9 -10 -3 -3 -3 -8 5 2 11 6 2 -1 -6 -3
-281 128 -50 50 -18 -1 -6 -4 0 -1 3 4 1 -1 -4 -7 -2 -2 3 4 2 3 -1 -8
-99 75 34 38 8 17 2 11 -4 2 0 6 7 10 -9 0 -3 0 -3 5 -6 1 -3 0
-185 73 -35 21 -5 -2 -15 4 -11 0 -1 3 -6 5 -5 -2 -14 -7 -9 1 7 25 20 14
-172 105 -58 51 -17 21 -11 -21 -27 -20 -12 -6 -14 -3 -18 -14 -11 -12 -22 -4 -7 -13 -6 -2
-222 141 -41 11 -12 -17 -11 -8 0 -1 -18 -24 -10 -10 -17 -8 -8 -2 -5 -8 -16 3 2 0
-153 64 11 21 6 7 -1 2 -7 -2 -8 2 -6 0 -8 -7 -5 1 -10 1 -4 -1 -1 6
-87 97 -39 35 -3 0 -7 3 -6 0 -6 -6 -7 -7 -9 3 -2 -3 -7 4 -3 4 -6 -2
-272 199 -10 31 5 0 -2 -1 -8 -8 -7 -4 1 -2 0 1 -4 -2 5 8 2 -10 -11 -1
-364 134 -69 1 -14 -16 -7 -16 0 -2 -7 0 -5 -7 -16 -12 1 12 7 15 19 22 7 6
-207 156 -24 55 19 13 2 5 7 3 0 7 -3 -3 -4 -4 -7 6 0 -9 -13 -1 0 -1
-312 89 -23 56 -1 19 0 6 9 -8 1 11 0 7 0 -8 -2 3 -11 -3 -5 -10 -11 -2
-308 166 -9 15 -6 -1 -18 -16 -21 -14 -8 -3 -1 -2 -7 -12 -7 -2 -4 -9 -13 -1 6 7
-99 71 13 38 8 8 15 10 -2 21 3 12 -4 0 -4 8 -2 4 0 -3 -3 11 5 4
-57 103 -6 38 0 11 7 10 -6 9 -4 6 -10 0 -10 1 -4 8 6 8 -2 0 1 5
-295 134 -55 53 -15 -6 -7 -13 -4 -9 0 7 9 3 -4 -11 -4 0 -1 -6 -7 6 12 1
-210 79 -84 -6 -67 -26 -40 -12 0 -6 -7 -8 -2 9 9 3 -2 2 0 9 19 15 0 -2
-94 67 2 32 -1 5 -4 3 -4 3 -1 5 5 1 2 -1 -2 -4 -4 0 -4 3 1 1
-329 185 -38 27 -3 -10 -12 -6 -5 2 1 2 -5 -10 -4 2 2 0 -6 7 10 1 -6 -2
-198 126 -25 40 -13 13 -8 -7 -27 1 -5 -7 -17 2 -10 -1 8 -7 -8 0 -3 0 -2 -2
-179 109 2 60 -8 -11 -9 -8 -16 9 -3 1 -3 -4 -9 3 -5 4 0 1 -3 0 -2 4
-131 99 -28 55 1 -13 -11 -2 -16 7 -9 0 -4 0 -9 0 -11 0 3 6 -2 -9 -9 9
-172 130 -24 33 -5 8 -7 6 5 6 0 3 -12 -2 0 0 -1 1 -4 0 -5 0 1 -5
-316 151 -29 14 -8 -17 -6 -2 -18 0 -1 9 0 0 0 1 -6 0 -5 -4 -13 -4 -2 9
-29 82 -8 15 8 1 -10 -2 -12 1 -6 0 -9 0 -6 -2 -3 1 -7 -2 -5 -2 -6 0
-213 165 -4 9 -3 0 -13 4 -7 -8 -8 14 14 10 -4 -6 -10 -1 -3 -1 -4 6 11 7
-78 138 -77 72 -12 20 -10 7 -7 0 -2 0 -5 1 -9 -2 -6 -6 0 0 -4 -7 -7 -3
-369 167 -43 27 0 -19 -9 -11 -4 -15 -20 -16 -7 -4 2 17 15 5 4 -2 -10 -1 4 3
-256 166 -23 27 -4 0 -7 0 -13 -10 -5 6 0 -4 -7 -7 -4 6 -2 -8 -15 0 6 1
-159 129 -36 47 0 18 -8 -3 -7 5 -1 8 4 -11 0 4 5 0 -4 -4 -5 0 -3 0
-182 84 23 15 0 2 -1 7 -3 5 -5 5 -4 2 -7 0 -5 -1 -4 -2 -8 0 -12 -4
-373 167 -42 29 -1 -20 -12 -11 -6 -16 -18 -17 -8 -3 1 13 14 9 11 2 -7 -1 2 4
-155 143 -44 63 -10 22 -1 -2 -8 0 -9 -7 -3 -8 -4 -4 0 4 -1 -3 -1 -2 -3 3
-173 99 -1 40 13 5 -3 0 -1 -3 -10 0 -7 5 -6 5 -7 -4 -4 3 3 2 -9 -4
-131 80 8 34 4 -1 -2 -1 -12 2 -3 -5 -3 -1 -8 1 -4 -5 -16 -8 -5 1 0 9
-196 134 -40 13 -8 -13 -21 -5 -20 -5 -1 -13 -19 1 17 0 -14 -5 -3 -8 -19 1 6 5
-111 141 -16 52 3 19 10 15 3 3 5 8 7 6 -1 2 0 6 0 -1 -1 -2 -2 3
-58 135 -86 48 -20 8 -7 4 -3 0 -4 1 -8 -1 -7 -2 -3 -3 -4 -5 -6 -2 -3 0
-368 164 -30 17 1 -18 -8 -12 -20 -10 -9 -3 8 13 10 -1 -16 -11 -6 0 -12 -15 -8 3
-236 216 -31 -3 26 5 14 -4 -13 -1 -10 -1 6 -11 -10 -2 -2 5 11 5 -7 -11 -1 3
-173 144 -42 20 -10 5 -5 -3 -5 -2 -11 0 -7 1 4 4 -10 -2 2 5 -10 -8 -4 0
-193 117 -28 40 -5 14 -8 -2 -13 0 -13 1 1 -4 2 0 -5 -2 2 2 -8 -8 -5 7
-146 122 -5 -4 15 13 -9 15 -7 8 -1 2 -7 0 -6 0 -7 2 -3 -1 -7 0 -6 -5
-96 80 5 11 8 13 -4 0 -6 5 -12 -4 -2 0 -7 -4 -9 -3 -1 3 -2 0 -8 -4
-454 91 -23 9 7 -10 -9 -4 -21 -7 -6 8 19 26 21 7 -3 -13 -7 4 -2 -19 -6 17
-190 130 -33 24 -13 6 -13 0 -14 -5 -11 -1 -13 -6 -5 -3 -2 0 -9 -2 -3 -1 -3 -1
-151 73 -5 21 12 -7 -2 10 -8 0 5 22 8 0 -23 -14 -7 21 -10 -18 -8 40 16 -14
-75 102 -22 31 -8 0 -2 -2 -7 -3 -9 2 -6 -8 -5 -2 -12 2 -8 0 -4 0 1 0
-180 87 75 37 14 17 2 9 1 5 -7 4 -6 0 -12 3 0 -1 -4 1 -11 2 4 -7
-164 74 -3 14 -3 -4 3 17 3 -5 -27 -3 5 12 -6 -1 -6 -7 -15 0 0 1 -11 -5
-295 133 -4 6 -10 -1 -21 -5 -3 4 0 12 13 2 -9 -11 -4 11 -1 -7 -10 6 11 -2
-181 182 -29 16 -8 0 -12 -12 -9 -8 -13 0 2 1 -3 1 1 3 -5 -9 -7 5 -3 -2
-55 78 -15 29 3 11 1 6 -4 0 -2 3 -7 0 -7 0 -1 1 -7 0 -3 -3 -12 -2
-405 139 -6 4 -3 -18 -15 -12 -13 -16 -14 -8 -3 -2 1 0 -4 -2 9 20 22 19 12 5
-200 96 11 35 1 11 3 12 -5 4 -1 6 0 3 -7 0 -1 2 -2 -1 -7 1 -4 -2
-63 87 -17 28 14 -4 0 11 -2 11 -2 2 -3 -7 -5 0 -7 -1 -4 3 -7 -2 -6 0
-252 147 -8 27 3 -6 -11 -7 -16 -5 -3 -2 0 -6 -6 0 -8 -4 -4 -1 -3 -4 -10 -5
-92 94 14 28 14 8 3 7 -2 11 0 10 -8 0 -10 0 0 1 -5 6 -2 0 -11 -2
-265 178 -45 47 -7 7 10 5 3 1 -7 3 -4 5 7 -4 0 -2 2 -7 0 -6 2 0
-135 117 -42 38 -21 15 2 -3 -7 -4 0 9 1 1 -13 0 -12 1 -3 0 4 1 3 16
-135 143 -32 20 -9 -2 -11 -4 -11 -6 -12 0 -1 2 -4 -1 -7 -4 -9 1 0 2 -7 -4
-383 105 -31 39 5 17 17 12 0 -6 -19 3 0 -7 -12 -7 -13 -5 -6 2 -2 -7 -7 -3
-196 140 -14 50 -33 -9 -9 -4 -13 -8 -4 -11 -4 -8 6 3 -1 2 -3 -7 0 1 -6 -2
-195 133 -35 30 -17 -8 -14 -7 -10 10 0 -6 -6 -14 -6 7 13 8 -4 -7 -7 4 10 14
-368 169 5 28 7 6 -15 8 -1 -3 -3 -10 -5 -7 -11 2 -11 -11 -9 0 1 11 1 4
-384 172 4 16 -17 -3 -4 -9 5 -5 -2 -6 -10 13 10 1 -11 -4 1 -2 0 12 11 10
-182 86 -6 31 2 5 -2 4 -12 0 0 8 0 0 -7 3 1 6 0 -1 -5 2 -8 -2
-292 148 -25 17 -3 0 -11 -5 -5 -8 -12 -4 -12 0 2 1 -1 -7 -4 -14 -19 -9 6 3
-212 144 -54 62 -21 6 -6 -7 -1 0 -10 11 -7 5 4 -8 0 -15 -4 -6 8 -4 3 9
-441 163 -8 29 8 12 1 -2 -12 2 0 10 -6 -12 -8 4 1 5 -3 -27 -6 29 -9 -16
-269 124 -20 23 -13 -17 -25 -14 -15 -1 0 6 1 4 -8 -8 -13 1 3 -3 -18 -9 0 3
-51 110 -10 39 0 8 -7 1 -9 3 2 2 -7 0 -6 3 2 0 -8 0 -5 2 -2 1
-342 197 -12 6 2 -6 -5 -15 -13 -8 0 0 6 2 -9 -11 -8 2 -1 -10 -5 3 4 4
-124 96 -7 12 6 1 1 -1 2 6 0 0 -5 3 3 4 -8 0 -8 0 -3 8 -1 7
-128 158 -40 69 -24 10 -7 5 -5 2 0 9 0 7 6 -4 1 -10 3 -4 0 -10 0 -3
-351 139 -44 17 2 -13 -6 -8 -27 -5 -8 -6 0 4 11 12 2 0 -1 6 -4 -5 -3 0
-276 125 -71 55 -21 -3 -13 4 3 9 9 -7 -14 -11 -1 0 2 -2 8 0 -9 -6 1 0
-430 172 -8 28 0 -15 -4 -10 -8 -4 -13 -9 -2 -10 -8 -7 -10 2 8 6 6 0 0 3
-274 118 -5 13 -10 -18 -17 -5 -2 4 -3 0 -19 -9 5 1 -7 3 6 -1 -27 -7 -7 -11
-365 167 -4 8 -3 -7 -20 -13 -20 -12 -12 -3 -1 0 0 -4 -5 -4 -2 -2 -9 0 7 1
-71 99 -22 26 -5 1 1 -1 -8 -3 -8 0 -8 -4 -5 0 -10 -1 -10 4 -3 1 0 -2
-132 154 -54 32 5 18 -3 -3 0 13 12 2 -8 2 -1 -3 -3 -9 -3 9 -6 -10 -8 0
-257 152 -7 22 -5 3 -12 -11 -12 -7 -15 -4 -6 -5 2 1 -1 0 -12 -6 -5 0 1 0
-369 176 -3 17 9 -8 -7 -2 -9 -27 -18 -1 -2 -11 -11 -16 -14 -4 -8 -10 -5 7 20 29
-247 165 -38 29 -2 -8 -8 -5 -14 -7 -12 -2 0 -9 -3 -4 -5 -1 -1 -5 -6 -4 -3 4
-394 192 -33 2 -19 -16 -12 -11 -22 -9 -5 -4 -4 0 3 7 6 5 1 2 -4 -5 -1 1
-288 130 -61 58 -18 -7 -7 -2 4 4 7 2 0 -5 -1 -3 -2 -6 4 12 0 -8 -6 -4
-262 97 -10 47 0 16 7 9 -14 -1 3 3 -9 -8 -5 8 9 8 -11 -12 -8 6 -3 0
-73 95 3 31 12 10 -1 2 -9 0 -11 -1 -10 -1 -1 1 -3 2 -5 2 -2 -1 -11 -5
-169 77 -4 20 17 13 7 0 -17 -1 -5 20 17 17 -10 -23 -25 3 2 -14 -28 -2 16 14
-261 174 -72 52 -13 3 2 -11 0 -4 -7 4 -5 0 0 -3 5 -1 0 -7 4 0 1 8
-251 137 -30 32 -11 6 -6 -2 -5 0 -12 0 -5 0 -6 0 -6 3 -2 -5 -13 -7 -3 0
-232 138 -75 61 -28 16 -10 3 -8 3 -7 6 -3 -6 3 -8 7 -2 9 1 11 -1 -3 5
-117 60 6 17 0 10 6 0 -5 0 -5 0 -4 0 -3 0 -7 -4 -8 0 -3 -4 -13 -2
-305 112 4 22 0 20 -2 2 -10 0 -7 0 -7 2 -7 -5 -6 0 -4 3 3 9 0 0
-420 202 24 33 11 12 10 10 1 -6 -9 -2 -5 -8 -7 -7 -7 -1 -1 1 -1 -3 4 11
-114 113 -25 37 -6 15 -8 4 -2 6 0 5 -4 4 -3 -5 -8 -2 -9 -5 -10 4 -3 2
-4 85 -13 27 6 14 0 13 -6 2 0 4 -6 4 1 4 -7 -1 -7 2 -2 0 -7 0
-277 156 1 35 -10 -16 8 -12 2 6 0 3 -2 0 0 -1 1 -1 -2 0 1 0 -6 -4
-129 96 23 38 -2 0 -3 0 -14 -1 -9 -4 -1 4 -3 -4 -13 -5 -5 6 2 5 -5 3
-251 83 -22 36 0 11 -17 8 6 7 3 0 -6 11 2 8 9 3 -13 -8 4 11 -3 -10
-121 120 -44 20 1 11 -8 6 -4 -2 -9 3 -2 -1 -7 0 -8 0 -6 -3 -14 -1 -5 0
-165 148 -15 15 0 15 -5 -1 -6 0 2 11 7 12 0 -1 -4 3 0 2 -6 -7 -9 2
-170 93 0 45 1 12 0 5 -4 5 -3 10 4 7 -2 -2 -7 -1 -5 -4 -5 -1 -2 8
-124 72 29 26 8 24 14 11 0 11 -1 13 0 6 -1 2 -5 2 -1 -3 -3 1 -5 0
-266 195 -58 46 -9 8 2 0 4 3 -3 5 -3 1 0 -4 -3 -5 2 2 11 2 1 -8
-100 91 -26 23 -9 8 12 -1 -16 1 -2 3 2 2 4 1 -20 -5 -4 11 3 -10 -18 0
-130 108 0 38 11 11 -7 3 -2 0 -5 10 4 -1 -10 1 -5 -3 -4 3 -3 0 -4 -2
-118 136 -17 33 -7 12 -12 -5 -18 6 -6 -8 -29 -16 -4 -4 -5 7 0 -13 -22 4 1 -11
-228 113 46 44 8 13 7 13 -1 2 3 1 -5 2 -11 0 -6 -2 0 -6 -1 8 -1 10
-277 164 -72 59 -17 12 -1 -5 -4 -1 -6 6 -4 -2 2 -2 4 -1 0 -8 8 0 3 7
-325 22 -118 -15 -38 -10 -3 27 41 37 -5 -31 -29 13 19 5 0 13 6 -9 -7 3 0 -1
-187 84 6 19 0 22 0 10 -4 12 -3 3 -1 0 -5 3 1 5 -1 0 -7 5 -3 2
-160 94 22 31 -7 0 -2 -2 -3 1 -9 5 -12 2 -2 6 1 5 -2 3 -1 2 -2 -3
-229 95 -45 -6 -17 8 -9 21 13 18 4 -3 -10 -4 -6 -1 -5 -2 7 8 -5 -9 -7 0
-203 156 -78 51 -22 11 -1 -4 -3 -1 -8 9 -4 0 0 -4 4 -5 7 -3 4 -8 0 1
-339 181 -61 29 4 8 -1 10 1 -3 -8 -14 -7 11 10 0 -6 -12 -12 -4 4 5 2 -12
-44 116 -23 38 0 10 0 11 0 0 -7 -3 -10 -3 -3 -3 -8 6 2 5 -6 1 -5 -2
-304 208 0 11 0 3 0 5 1 2 0 -1 -5 -1 -2 0 0 -1 -1 0 -5 -3 -1 -1
-263 155 -67 52 -13 17 4 0 -2 1 -8 0 -8 -4 0 -3 8 -5 3 -8 -1 5 10 8
-172 181 -29 30 0 15 -1 -8 -19 -5 -1 1 -13 -26 -22 0 6 -3 -9 9 12 -8 -19 -14
-142 118 -54 56 -34 23 -20 21 -22 15 -19 6 -10 -2 2 -4 6 -14 -1 -8 10 1 9 -7
-73 112 -7 12 -8 10 -3 -1 -9 -3 -1 0 -12 -6 -8 -5 -10 -5 -11 2 -3 0 -7 -7
-286 143 -11 40 -9 14 1 0 0 0 -5 1 -3 2 6 3 4 -1 6 0 0 -6 -4 1
-116 97 -25 16 -7 -1 12 0 -10 1 -6 2 -4 -4 -8 -7 -10 9 0 0 -6 -6 -5 13
-308 154 -56 22 -5 7 -7 -9 -20 -13 -5 3 2 -2 -14 -10 -4 -2 -10 -13 -7 4 4 0
-248 139 -26 28 -5 9 -2 -3 -6 0 -4 4 -6 -2 -9 -1 -1 5 -15 -19 -16 4 9 2
-203 85 5 20 17 9 6 4 -8 4 -7 6 -1 8 3 0 -10 -7 -15 -8 2 14 -4 -10
-135 79 -1 16 3 10 1 18 0 10 16 9 1 4 -6 -3 -6 5 3 8 -5 -5 -1 5
-164 35 51 28 -6 7 -24 11 -20 -2 -15 0 -10 -20 -5 -2 -1 -1 -7 -4 -9 9 -1 3
-239 97 -49 18 -11 6 -18 -6 -12 -1 -7 0 -8 -3 -7 -3 -9 -5 -4 3 -5 -5 -7 -1
-149 157 -45 34 -13 8 -1 8 -2 8 -4 7 -2 1 2 -6 2 -8 0 -2 8 1 0 -4
-162 138 -54 5 -5 5 -6 0 -9 0 0 9 2 4 -11 -10 -15 -4 0 3 -5 0 0 6
-264 193 -74 27 -4 -2 -4 -4 -3 -1 -7 -4 -9 -7 -7 0 2 0 -1 -10 2 -3 0 -6
-43 106 -26 20 15 12 10 17 2 6 2 -4 -2 3 -6 -1 -7 -2 0 6 -6 -8 -16 -11
-217 114 -66 69 -37 27 -15 13 -14 3 -13 5 -4 6 -1 -12 0 -11 19 0 5 -15 2 2
-338 102 7 14 12 23 4 13 -2 9 -5 4 0 2 2 8 0 -1 -5 -1 1 2 -2 -3
-301 210 -15 11 16 0 -4 -12 -17 -9 0 -1 -6 -13 -15 -16 -14 -8 0 8 6 -4 -8 -8
-255 172 -91 49 -5 3 8 -7 0 -5 -2 3 -4 -1 0 0 3 0 3 -1 4 0 0 1
-309 113 -24 26 14 19 8 8 1 3 0 5 -1 3 6 20 23 19 -2 -14 -17 0 5 1
-331 154 -60 -2 -9 -13 0 6 -3 -28 -34 -9 13 8 0 10 18 8 4 5 3 6 7 -2
-154 107 -73 13 -32 -15 -35 -18 -22 -11 -19 -9 -11 -4 -15 -2 -1 9 -4 6 13 7 6 5
-142 86 -26 27 15 7 12 0 -13 0 -10 2 -4 8 1 -1 -13 0 -1 0 -11 -14 -10 0
-56 49 16 20 0 18 -3 4 -5 1 -9 3 -11 4 -7 0 -9 4 -9 0 -7 2 -6 0
-196 118 11 33 -10 17 8 18 -2 1 -11 7 1 -5 -7 -2 -5 6 11 11 -7 -11 -3 -3
-3 80 -15 27 6 12 -5 6 -8 2 -3 1 -10 0 0 6 -5 -2 -11 0 -3 2 -7 -2
-124 103 -27 8 5 13 -2 12 -9 2 -10 3 -9 2 -1 0 -6 1 0 4 -4 -11 -17 -5
-237 145 -6 26 -7 -4 -6 6 -4 7 -8 14 -8 2 5 7 3 0 5 -12 0 -6 0 -3
-80 84 5 44 20 16 9 10 0 0 -7 -5 -14 0 -4 0 -7 0 -1 -5 -12 5 1 0
-57 81 0 47 13 13 8 19 5 -2 -12 -9 -6 4 -6 -3 -6 1 -10 -4 -4 4 -5 0
-159 163 -35 23 5 15 -5 0 -9 3 4 6 7 8 -1 0 -7 -5 -5 2 0 4 1 4
-69 66 28 27 15 17 -3 7 -8 8 -1 -1 -8 -2 -4 -3 -9 -1 -4 1 -8 -6 -11 -3
-191 105 -12 38 14 10 10 0 -7 5 -8 -3 -7 3 11 19 2 -4 -17 -8 -4 4 -5 -7
-218 98 -39 35 0 12 4 4 0 2 -6 0 -4 4 -1 1 -9 -1 -9 8 13 19 2 -5
-35 37 19 21 -1 18 -2 4 -6 1 -8 4 -13 0 -10 1 -8 0 -10 -1 -6 0 -6 0
-158 175 -65 65 -5 3 4 -1 8 -7 -2 -1 -8 0 -1 -8 -7 -9 0 9 -1 -16 -11 -5
-312 31 -94 -22 -31 0 7 30 21 2 -23 -9 14 31 12 11 13 0 -12 12 17 -6 -11 0
-258 99 -24 19 -9 5 -10 -3 -6 0 -5 -1 -5 0 -1 5 1 0 -7 -3 -4 0 -3 -2
-163 87 -16 46 -2 14 -2 4 -11 5 0 7 -2 7 -9 -8 -3 5 0 -9 -24 -6 4 10
-182 107 0 27 6 0 5 9 -8 -6 -14 -11 -4 0 0 3 -12 -3 -4 5 -2 -12 -13 1
-216 115 -29 71 -34 17 -31 29 -14 11 -13 10 1 5 -2 -6 10 -17 3 -3 10 -11 -1 -1
-267 192 -48 37 7 14 4 -2 -4 -2 3 0 -1 -5 -2 1 2 -1 -2 -4 -8 -8 -1 6
-230 155 -78 43 -8 9 4 0 -7 -2 -8 8 -1 1 2 1 11 -4 -1 -12 1 0 7 1
-148 118 3 21 12 24 1 5 -3 1 -3 1 -10 -4 -6 8 9 12 -1 -2 -12 -3 -4 5
-88 52 15 34 3 8 2 0 0 8 -10 -5 -11 5 0 0 -8 0 -2 -2 -8 3 -3 -5
-148 113 -6 21 13 12 1 9 -10 -1 -11 -8 -9 1 0 5 2 -1 -11 -4 -4 4 0 0
-398 124 -63 14 -11 -3 -21 -12 -13 4 6 6 -11 -8 -7 8 7 9 2 0 1 7 4 -6
-291 106 -85 -8 -23 -10 -20 -14 -15 -4 -5 -5 -2 16 24 20 13 13 14 15 -2 -18 -13 -4
-186 87 2 29 -15 15 -15 -2 -12 -1 -11 4 -8 0 0 0 0 -5 -4 3 -2 0 -9 -3
-286 99 -118 -1 -37 -3 -15 -5 -23 -9 -9 5 21 35 24 16 2 4 1 -1 -11 -2 9 13
-130 146 -48 28 -11 11 -5 -5 -11 -8 -11 -4 -6 -4 -5 -4 -2 -1 -3 0 -3 1 -1 -3
-239 147 -53 54 -25 2 13 -10 3 -9 -9 -3 0 5 -3 1 0 -11 2 5 7 -3 -5 3
-150 98 -19 42 -14 3 -6 0 -16 -1 -10 0 -8 1 -3 -2 -9 -4 -5 -2 -18 -10 -5 10
-219 121 -53 71 -27 20 -9 14 -2 19 -17 -11 -14 5 14 -5 1 -2 16 -18 -7 2 3 -6
-133 67 22 12 1 10 3 0 -3 0 -6 -2 -9 -3 -6 2 -4 1 -5 -1 -3 2 -8 -4
-230 176 -28 38 -11 3 -9 -3 -9 -4 0 -2 -3 -5 -3 -1 5 -3 0 4 6 -1 -1 1
-369 116 -103 -36 -10 -16 0 11 28 39 26 -7 -23 -12 -1 3 8 9 9 9 10 6 1 0
-251 170 -47 42 -1 0 3 12 -11 10 -10 9 -13 2 -5 -2 4 0 5 -8 -1 -14 6 -1
-57 70 -27 28 6 13 -4 6 -6 3 -6 -1 0 7 0 0 -4 -5 -8 1 -5 3 1 -3
-165 181 -78 44 0 -19 -6 -5 -12 -8 -6 -8 -3 0 -1 0 -1 -2 -1 -1 0 0 -1 0
-139 108 -11 14 -13 -1 -8 8 -2 -1 -11 -4 -3 2 -4 0 -4 -1 -6 -4 -10 -1 -1 1
-285 219 -32 13 17 4 -1 -3 -12 -14 -11 -9 -2 -1 -7 -14 -16 -7 1 5 0 -13 -18 -17
-150 84 11 45 28 21 -4 8 -1 9 -7 5 6 -2 -15 1 -1 0 1 3 -1 -4 -12 1
-289 124 -66 -8 -15 -9 -18 -17 -18 -4 9 21 17 1 -13 -14 -9 1 7 6 1 6 11 13
-237 160 -61 3 -17 -5 -21 -11 -14 -3 -6 0 -14 -16 -17 -3 -3 -3 -9 -4 -3 -3 -13 -9
-395 172 -49 2 10 -8 -14 -14 -1 13 15 8 -2 -7 -3 0 0 2 11 10 -2 -5 0 -8
-147 131 -16 30 12 19 0 -1 -7 -2 -5 -1 -5 -1 -3 0 -1 0 -5 -1 -2 5 3 5
-209 119 -17 33 2 16 -5 5 -5 0 -9 2 -4 1 -3 -1 -5 1 -3 -3 -10 -4 -4 8
-312 85 -12 32 0 0 -2 5 -11 -8 -20 9 17 11 4 15 -12 -22 0 14 -10 -7 0 -6
-258 128 -17 37 -5 -3 -5 -9 -13 4 -8 -5 -13 -3 -3 10 6 10 4 0 -12 0 -4 -5
-249 86 -5 13 -21 -4 11 18 7 2 -27 -7 14 22 10 -3 0 -1 -31 1 32 8 -2 21
-330 67 -23 29 -12 0 -14 -6 -22 -7 -7 14 23 30 17 11 -5 -4 -4 -8 -22 -11 7 9
-311 148 -20 43 2 13 -6 8 0 5 1 5 2 0 0 1 0 1 -4 0 -3 -2 -5 -1
-208 124 -1 40 0 21 1 5 -4 0 -8 3 -12 -4 -3 -5 -3 6 7 10 5 -19 -9 -2
-226 167 1 39 20 6 3 5 2 1 -2 2 -1 4 8 9 0 4 1 3 0 0 -4 0
-120 103 -12 12 5 -2 -1 2 -3 1 -3 6 0 3 -4 1 -9 -3 -1 1 -4 2 0 0
-87 66 -19 42 10 9 -8 1 -10 3 -6 1 -6 -1 -5 7 6 5 -10 -5 -10 0 -4 0
-418 152 -35 48 -9 5 -1 -3 -2 -5 -10 2 0 -5 -3 4 -5 -2 -3 -2 0 5 -1 3
-434 50 -44 -5 0 12 13 -4 -25 -4 26 36 10 23 15 -7 -1 13 -9 7 1 -12 21 23
-337 37 -69 13 -11 4 -7 5 -12 -22 3 32 -18 -10 11 7 7 16 6 -33 11 27 -14 12
-316 109 -15 33 -13 -2 -12 7 -4 0 -7 -9 -12 -9 -4 5 -5 3 -4 0 -4 -2 -7 2
-28 44 9 31 9 13 -3 1 -4 7 -5 1 -6 1 -8 -3 -6 -3 -9 1 -5 0 -4 -8
-230 157 -18 35 -6 7 0 1 5 -2 -7 1 -2 4 6 -3 -1 0 -7 -1 -6 -2 -1 -2
-163 74 -13 34 -11 1 -2 10 -11 4 -10 -7 0 11 5 12 7 8 -10 -8 -3 0 -11 1
-110 95 -6 9 3 5 0 11 7 -4 -26 -17 -3 10 -3 -1 0 0 -11 2 -1 1 -8 -4
-172 154 -23 31 -5 4 -5 0 -11 -3 -10 0 -3 0 -4 4 -1 -2 -11 6 -1 -6 -10 -5
-221 132 -31 27 -6 -6 -5 -2 -5 -1 -1 3 -5 -2 -2 3 -4 1 0 12 0 5 -4 -5
-94 83 3 48 3 14 4 1 -6 -6 -14 -1 -1 11 0 1 -5 -5 -17 -4 -9 -3 -10 -2
-425 108 -42 10 -9 12 -5 -5 -14 -10 2 12 2 10 18 10 -3 13 -4 -9 8 11 1 14
-194 166 -31 29 -3 7 -8 -8 -13 -3 -7 0 -2 -2 -5 -4 -6 2 -12 -6 2 4 -1 -3
-167 117 -1 57 21 12 1 12 7 8 7 13 4 2 -6 2 -5 0 -4 0 -4 4 1 2
-324 138 -27 19 -12 0 -10 -1 -4 -1 -2 3 8 4 0 0 -3 -8 -9 0 1 4 -2 0
-119 110 1 52 24 9 -1 7 -1 5 3 12 2 6 -4 4 -8 2 -1 0 -3 0 1 0
-305 71 -21 33 -13 7 -3 7 10 18 -12 -17 -12 9 3 8 0 17 -3 -20 -2 24 -4 -1
-565 167 13 38 7 14 4 -12 -12 -3 -3 13 9 6 5 4 -9 -6 -6 -3 -11 -10 -10 -5
-162 74 -23 38 -2 -5 0 12 -9 3 -6 -3 -12 3 6 15 4 8 -4 0 -6 -7 -12 0
34 69 -17 49 -8 7 0 13 5 15 0 5 -8 2 -4 3 -1 2 0 0 -9 2 -1 5
-266 153 -29 38 -1 3 -2 1 -2 -2 -4 2 0 1 -6 -2 0 1 -3 -5 -6 -7 -5 0
-222 112 -8 33 3 6 -1 6 2 2 -10 4 3 1 -5 1 -2 1 -17 -6 -4 0 -7 -4
-229 56 3 14 2 16 -3 15 0 7 -6 3 3 27 9 21 6 12 -9 1 5 5 -9 -6
-49 91 -6 13 0 7 -7 0 -9 0 -3 4 -6 1 -10 2 -3 -4 -7 8 5 5 -2 -4
-336 85 -33 29 -17 -16 -6 9 -9 4 -21 -7 3 7 -5 -4 -9 3 -5 3 -1 4 9 12
-292 74 -51 11 -19 -18 -24 6 -5 0 0 27 15 -5 -8 17 5 11 12 9 -2 8 4 5
-281 119 -1 21 -11 -3 -3 7 -8 -5 -10 5 -3 3 2 0 -7 0 -7 0 3 11 9 7
-362 141 -10 28 1 3 5 13 2 -6 -16 4 6 5 11 11 5 5 -6 -2 0 0 -6 -3
-337 75 -48 15 -17 -19 -25 3 -8 -8 -21 5 18 28 10 8 0 10 5 -5 -8 7 7 19
-368 111 -20 40 -1 10 -9 7 0 14 10 7 -2 -2 -4 3 -2 0 -1 0 -6 -1 0 5
-194 126 -50 40 -9 5 -13 -19 -14 -11 -12 -2 -9 -14 -11 3 1 7 -1 -3 -4 3 4 12
-91 129 -3 25 12 10 0 8 2 15 -1 -2 -6 7 -1 -1 -5 5 -7 -10 -10 1 -3 1
-198 59 -8 15 4 12 -6 14 0 19 -2 -1 -6 13 -1 20 19 34 7 3 2 1 -10 -7
-65 45 -8 51 -7 11 0 5 0 10 -6 1 -8 -5 1 0 -10 7 0 -1 -12 -11 -10 2
-129 75 4 14 -15 0 3 1 -10 7 0 -1 -10 0 -4 -2 -3 1 0 6 -6 -3 -3 8
-531 138 16 32 10 16 14 23 -23 1 24 -11 -8 11 -8 -6 -3 3 -25 20 9 -10 4 2
-179 121 15 14 -1 8 3 5 1 12 8 13 3 6 -2 0 -6 0 2 3 -8 -3 -3 0
-229 158 -25 32 -10 0 -13 -4 -7 -10 -4 -12 -13 2 -6 3 -1 4 -11 -3 -4 -5 -8 -7
-131 110 -38 43 10 7 -8 8 -1 0 -11 -7 0 4 -7 1 -11 -4 -7 -7 -14 -3 -5 -4
-288 175 -44 51 13 -3 6 -3 6 -5 -5 -4 -3 0 0 -1 -1 0 -5 -6 -4 -1 0 -3
-407 49 -28 25 -12 3 13 20 5 2 -7 13 18 13 -11 7 1 -7 11 33 -11 -18 0 5
-245 217 -25 44 43 -21 9 -4 -28 0 -3 -12 -1 -12 -18 -3 -1 -4 -2 -8 -10 2 8 0
-144 57 -74 -4 -19 -29 -44 -12 -19 -20 -1 1 8 26 15 16 5 7 14 3 -9 0 -11 -2
-238 151 9 19 0 12 10 18 11 0 -11 3 2 3 -1 2 0 14 -2 -16 -11 3 -7 -4
-269 210 -27 13 2 -16 0 5 0 1 -1 -10 -10 -8 -11 -3 -1 -3 -7 -3 -1 -5 -6 -5
-146 73 16 29 7 -4 -11 14 2 9 -7 1 -3 7 0 0 1 1 -9 -5 -4 0 -7 2
-110 94 -15 33 0 3 -5 1 -6 1 -9 0 2 1 -6 0 -9 0 -4 0 -6 0 -5 5
-440 116 -6 42 -2 8 -2 -2 0 9 12 11 -6 -14 -5 2 3 2 -7 2 1 5 0 -4
8 88 -15 35 17 3 4 8 -1 7 -4 5 0 6 -3 2 -6 2 -1 2 -6 0 -1 -1
-342 105 1 26 6 1 -15 -5 -22 -14 -18 -11 -12 -13 -14 -8 -7 5 2 10 7 8 1 -4
-433 119 0 56 0 -3 -12 -2 -5 -4 -7 -7 -8 -5 -4 0 -6 -3 2 4 -13 -11 -5 -2
-193 97 7 41 7 12 9 13 4 12 -4 3 5 4 -3 0 -2 2 0 0 -11 -2 -1 8
-300 101 -42 17 -22 -25 -13 -13 -18 -28 -29 -13 -11 2 7 9 23 9 -8 7 23 16 8 -1
-79 91 -18 26 -1 7 -3 0 -7 0 1 6 -6 -9 -13 0 -2 -2 -8 2 0 4 -8 -4
-122 45 -53 4 -12 -1 -22 -2 -15 -9 -4 2 -2 2 -14 -3 -9 -9 -12 0 -4 -1 -1 1
-164 109 -2 6 -1 4 -3 -4 -5 5 -8 9 -7 8 4 5 -3 5 -2 1 -10 -3 -2 11
-378 114 -72 28 -26 -15 -28 -13 -16 -15 -18 -2 7 22 22 11 1 -2 6 24 18 5 -5 -1
-277 141 -31 38 -13 -3 -10 -7 -7 0 -11 -12 -13 1 3 11 1 -1 -9 -1 1 -5 -11 0
-351 146 -9 56 15 12 13 16 0 12 3 0 -2 0 -2 0 4 2 1 11 -9 2 10 14
-400 133 -10 50 -8 -7 -6 2 -11 -20 -17 0 3 -6 -9 -3 -10 -9 0 5 -8 -2 4 7
-235 152 -12 46 0 12 16 -3 -12 9 -10 -2 -5 -8 0 9 7 9 1 -7 -10 -2 13 13
-17 62 -10 26 10 9 2 13 0 5 3 6 -3 0 -4 4 0 6 0 -1 -4 5 0 2
-492 64 -48 27 -2 2 -10 2 -13 -3 1 27 17 8 -6 -5 4 12 -8 -9 7 32 23 15
-397 127 -32 27 2 -5 5 7 -1 -8 -4 -1 -4 1 -6 -2 2 -3 -3 -5 -8 -12 -10 -7
-197 162 -25 31 -4 7 -1 0 -8 -1 -6 -1 -9 -5 -3 1 -5 3 -3 -4 -12 -2 -2 -1
-564 42 -22 17 1 6 3 24 4 0 -2 12 -5 11 9 3 2 -4 22 4 -22 12 -12 6
-205 167 -63 86 21 14 15 -3 0 -17 -4 -11 -5 -2 -3 -5 -6 8 -1 -9 0 4 0 -1
-245 164 -54 79 -16 0 9 -15 6 -16 -14 -18 -6 -3 -15 -5 -3 -7 -13 -7 0 -1 -3 -3
-251 156 -39 28 -10 -10 -6 -5 -2 -19 -14 -30 -9 3 0 -1 -5 -13 -37 -11 4 15 -2 11
-255 135 -36 41 -11 1 -7 -6 -4 0 -16 -4 -1 0 -8 0 -7 -3 0 9 7 5 3 1
-278 152 -35 38 0 0 0 1 -4 2 0 7 2 -3 -1 1 -6 -4 0 3 -2 -10 -10 0
-82 103 5 31 13 13 -9 2 -4 8 1 0 -13 -6 -9 -1 -2 4 3 -1 -10 -10 -4 5
-133 88 9 14 0 5 3 10 9 10 -9 -22 -24 -2 0 0 2 14 -5 -14 -14 8 -1 -2
-252 93 -33 38 -5 0 -5 2 -7 0 -18 -4 -4 7 3 10 2 1 -10 -2 -2 14 0 -2
-285 135 -66 49 -9 -8 -5 1 -1 0 -5 -4 0 -1 3 3 0 0 -3 -2 -5 3 5 5
-430 56 -54 11 -16 -13 -13 8 0 6 -8 -7 3 14 9 14 3 8 5 20 10 -2 4 11
-181 94 -32 16 -4 0 -10 10 -3 -4 -11 -3 -14 2 8 19 9 8 -2 -6 -10 -1 -7 -5
-146 133 -21 46 6 2 -4 1 -7 -1 -17 -3 -2 -6 -13 2 3 1 -15 -10 -11 -7 -7 6
-226 124 -7 38 -1 16 7 3 -8 2 -10 -1 -7 1 3 11 15 12 -6 -9 -15 -11 0 0
-286 88 -36 13 -13 -4 -4 11 -1 0 -8 5 4 9 2 8 1 4 3 4 -6 -1 2 5
-253 144 -15 21 -13 14 7 6 -4 -1 -1 -1 -5 3 -1 -7 -13 -6 3 10 -17 -12 -1 13
-262 228 -20 30 4 -12 4 -3 4 6 -5 -6 0 0 -3 -7 -4 -1 -1 -1 3 2 -3 -3
-219 131 -19 34 1 2 -4 -1 -8 1 -5 1 -5 1 1 6 -3 0 -6 -1 -12 -1 -7 -1
-192 140 -23 54 7 -11 -3 -1 -7 -7 -11 -1 -3 0 -6 -1 3 11 1 -2 -13 -15 -12 3
-324 169 9 45 -5 0 -9 -8 -9 7 -5 10 5 1 -8 -4 1 6 -12 -11 1 9 -5 -6
-273 100 -16 29 -5 5 -22 -15 -9 0 -12 -9 -17 -9 -9 1 -3 1 2 -3 -7 -2 -7 -4
-304 105 -6 21 -13 -10 -14 -8 -13 0 -12 -6 -11 0 -5 -2 -7 0 -8 0 -7 0 -4 -3
-212 150 -27 25 -3 1 -9 -5 -14 -8 -8 3 -8 -7 -9 -2 -5 1 -6 -7 -7 4 0 1
-451 120 -26 23 -29 -23 -24 -21 -18 -6 -6 6 -2 3 11 11 -5 1 0 11 8 7 -2 2
-299 150 -33 62 10 18 8 7 -3 5 -3 2 3 6 0 0 -1 -1 -6 -4 -1 0 -2 0
-319 154 -53 12 -13 -7 -14 -9 -16 -8 -5 -3 -6 0 0 5 -1 -6 -6 5 7 4 -3 -1
-135 138 -38 49 2 -9 -9 0 -9 -1 -1 5 -13 -2 -16 3 -22 -5 -7 -2 -7 -2 -5 -2
-156 117 -23 45 6 -2 -9 7 -8 -3 -5 0 -9 -5 -10 -2 -16 -5 -9 -4 -14 -3 -2 1
-153 121 38 4 6 10 -6 -1 -6 6 -2 3 -7 1 -7 -1 -7 -5 -5 1 0 10 -10 -3
-59 95 -34 37 22 3 -31 6 -2 -8 -10 -6 0 2 -11 -1 -6 -3 -8 2 -10 -4 -7 0
-85 104 2 18 -12 0 -7 2 -8 9 -1 3 -6 -2 -5 -3 -8 5 -5 -2 -10 -3 -12 1
-200 115 36 27 16 -16 1 2 -10 9 0 11 -3 5 -8 -2 -12 1 -12 1 -4 0 -7 -7
-86 62 -10 23 -10 2 -6 2 -4 2 -10 -1 -10 4 -4 -6 -10 -6 -10 0 -1 -1 -9 -11
-135 108 -17 21 -24 -12 -1 -9 -31 3 -13 -6 1 -2 -3 2 -15 3 -11 -1 3 0 -8 -5
-191 112 -12 35 -3 -8 -6 10 -15 -12 2 -10 -11 -8 -11 -12 -11 -10 -12 -6 -17 -8 -9 -4
-20 106 -22 31 6 12 1 15 -3 3 0 2 -6 1 -6 0 -6 -2 -6 1 -5 -5 -9 -1
-197 161 -24 35 -7 -3 -6 -2 0 2 0 0 -1 3 -1 2 0 -1 -3 -2 -4 -2 -3 1
-65 76 8 21 1 8 1 0 1 3 -6 10 -5 0 0 0 -15 -6 -9 -8 -17 -10 -20 -10
-97 118 -17 13 -16 5 5 7 -11 10 -11 0 -7 2 -1 0 -5 -1 -7 3 -2 -1 -7 -8
-88 126 -12 22 13 12 0 8 -3 0 -1 3 -5 5 -1 0 -7 3 -1 4 -1 2 0 1
-61 60 -14 40 15 13 3 14 0 5 -2 5 -4 -1 0 3 -2 6 -2 6 -3 0 0 2
-79 80 37 15 5 10 6 5 7 11 -8 4 0 9 0 5 0 3 5 8 0 4 0 0
-90 119 0 24 6 6 -4 -6 -7 0 0 -2 -10 0 0 0 -7 -1 -10 2 4 9 -2 -4
-174 104 10 53 27 6 10 5 -13 -3 -16 7 3 0 -7 -5 -4 7 -1 8 -3 0 -3 12
-32 103 -1 39 23 18 0 18 0 8 0 15 4 1 -4 2 -5 0 -1 2 -1 4 0 3
-128 107 -38 25 -10 14 -16 -2 -3 1 -2 0 -1 2 -10 -11 -15 -1 -7 7 11 7 -5 -2
-186 115 -7 33 16 -4 -3 -2 -19 4 0 -10 3 -2 4 0 -9 -1 1 0 -9 3 -3 1
-97 113 8 18 -3 13 -1 4 -2 8 -6 2 -9 0 -8 0 2 0 0 1 -7 -3 -9 5
-65 114 -15 25 -4 -3 -9 -12 -2 -3 -1 3 -1 9 -3 4 0 4 1 6 -7 -3 -9 -5
-32 93 -25 30 -1 9 3 4 -4 7 12 9 2 4 -4 0 -3 -4 -16 -12 4 21 0 -7
-186 120 -2 16 3 -4 -11 4 -21 7 -8 -10 -9 -8 -10 1 -22 -5 -8 0 -13 5 -10 0
-99 109 -2 14 17 -5 -5 1 -17 7 7 9 -14 5 -11 -3 -8 -3 1 9 7 2 -5 3
-237 135 9 36 5 18 3 14 -5 6 -1 2 -14 -18 -6 4 -6 0 4 -1 -11 0 -9 -4
-283 130 9 38 17 23 3 3 -6 5 -2 6 10 10 8 -6 -20 3 7 3 -15 -7 -5 5
-176 78 8 35 9 9 -17 -2 -17 -3 -1 4 -5 -8 -12 -10 -18 1 -1 -3 -11 -7 -6 2
-196 124 3 26 3 10 -10 7 -8 4 0 1 -9 -3 -7 -6 -10 -6 -15 -7 -3 1 0 -2
-11 81 -7 29 9 11 -5 13 -4 0 -7 0 -3 1 -6 0 -5 1 -7 -5 -10 0 -3 3
-112 122 -30 38 21 7 -10 5 -5 0 -1 1 -4 -1 -11 -6 -6 -1 -9 0 -6 0 -8 1
-129 73 5 36 -5 4 -12 0 -21 -1 -12 -4 -12 -4 -11 -2 8 4 -4 -8 -7 0 -2 0
-115 122 -3 30 9 13 -5 1 3 9 -3 8 -9 -2 -4 -9 -14 2 -3 -3 -8 0 -4 -3
-90 128 -8 21 1 6 -9 -2 -16 -12 -15 -3 -4 2 1 8 -1 3 0 -2 -7 2 -4 -3
-104 97 -18 30 0 15 2 2 -10 5 -8 1 -6 -2 -6 3 -6 4 -2 -4 -8 -5 -10 0
-35 72 -1 17 2 -3 -11 0 -7 -3 -20 -9 -14 3 -6 4 0 -2 -15 -12 -14 -9 -14 -3
-103 94 -25 20 14 6 -5 0 -2 0 -17 6 -12 0 -18 0 -5 2 0 3 -4 0 1 9
-154 117 20 33 2 17 -1 8 -7 -1 -13 -1 -10 0 -3 5 0 0 -3 -3 -7 2 -8 -3
-112 127 -11 21 4 3 -7 0 -14 6 -5 -5 -7 -2 -9 2 -3 5 2 0 -6 -5 -8 -2
-212 160 -44 76 -10 4 13 -22 -12 -18 -9 -17 -8 -10 -10 0 -9 0 -3 -9 -2 -3 -5 -5
-169 76 9 43 20 -7 3 6 -10 0 -17 0 0 3 -12 7 -13 3 -4 -5 0 -5 -14 -5
-67 94 7 31 -4 7 -8 8 -4 5 4 5 -3 7 -5 1 -6 -1 -3 6 0 4 -3 -5
46 92 -15 28 -4 19 -1 13 -1 10 4 6 -4 -1 -5 2 -4 1 -1 1 -4 2 -2 4
-241 194 -3 14 21 5 4 6 3 3 -1 -1 -10 -10 -3 -5 -6 0 -10 -6 0 -1 -5 -8
-193 87 6 23 15 3 3 18 2 10 -4 -5 0 6 -10 -5 -6 0 -14 -13 -3 -6 -5 2
-199 113 15 24 1 13 -10 -4 -11 0 -6 -2 -12 -7 -7 -3 -15 -5 -8 -1 -4 -2 -4 2
-48 75 -5 17 -5 10 -10 4 -9 2 -7 0 -11 3 -5 -4 -8 2 -4 1 -1 3 -6 0
-74 68 -8 14 6 -6 -6 5 -4 2 -6 -1 -3 5 -10 -5 -5 2 -1 9 1 5 -3 -1
-57 85 8 24 5 -14 -3 5 -3 0 -9 -3 -2 9 -6 -1 -8 -1 -6 0 -2 0 0 9
-104 83 5 20 -4 21 -4 1 -5 6 -5 5 7 10 0 -8 -17 0 0 5 -2 4 0 2
-44 99 -12 34 -7 6 3 11 -5 9 -1 -1 -3 0 -5 1 -10 -2 -6 -4 -8 -2 -10 -5
-121 110 0 24 9 1 -6 2 -11 1 -4 -1 -7 -3 -9 0 -7 0 -3 -1 -7 -3 -4 0
-173 122 -7 27 15 -2 -10 3 -22 8 -1 -5 -4 -10 -7 6 -19 -1 -5 0 -8 2 -8 1
-15 74 8 24 -10 13 -9 3 -5 9 -1 4 -7 0 -2 1 -7 6 -8 0 -3 2 0 0
-33 68 -17 13 0 11 -9 0 -9 3 -1 0 -10 -9 -8 -6 -13 0 1 3 -3 -3 -13 -6
-131 147 -3 40 2 -4 -6 -7 -6 -3 -23 1 -7 1 -8 -1 -5 0 -1 3 -3 -3 -13 -6
-183 93 12 37 12 14 7 6 -2 6 -5 9 0 2 2 1 -4 2 -6 1 -1 0 -7 -2
-138 81 0 32 6 13 -9 7 -6 1 -12 -4 -6 0 -10 0 -6 0 -4 -2 -12 -4 -10 -2
-311 109 10 37 11 10 8 1 2 -6 -8 -2 -4 0 -11 -5 -8 0 -11 -5 -13 -6 -8 3
-62 96 -5 41 0 0 5 4 -1 2 -7 3 1 1 -15 0 -6 7 -3 10 -6 1 -4 0
-139 67 -29 1 -22 -7 -14 -16 -15 -8 0 -2 -15 -8 -3 0 -14 -1 -13 -1 -4 9 2 -1
46 88 -15 28 -2 19 0 13 0 11 3 3 -5 -2 -4 4 -2 0 -1 1 -3 2 -5 0
-118 84 5 32 4 6 0 2 -3 0 -6 0 -10 0 -7 2 1 0 -2 2 -6 1 -3 -2
-69 113 -49 36 8 -10 -8 -1 -6 -3 -12 -12 -13 -11 -7 5 -2 0 -6 9 4 16 -8 0
21 69 -7 24 0 8 -5 9 0 0 -7 1 -2 -2 -9 0 -6 0 -4 0 -5 3 -3 0
-62 101 3 24 11 14 2 4 -6 -2 -8 2 1 0 -2 5 -10 3 -3 -3 -8 0 -4 6
-149 85 10 36 20 5 12 6 -8 12 -8 1 -5 2 2 -2 -4 2 -6 0 0 -4 -9 -1
-136 55 3 25 -13 1 -9 0 -10 0 -4 -3 -10 0 2 -1 -10 -7 -19 -22 -1 20 0 0
-43 119 -3 22 -3 4 2 9 -9 6 -4 -3 -5 1 1 11 -7 5 0 -2 -11 1 -5 2
-8 111 -8 32 2 1 -4 5 -5 1 0 6 -3 -3 -6 -2 -11 0 -2 0 -1 -2 -6 5
-325 128 -37 47 -25 4 -9 -7 -4 -1 0 -1 2 -1 2 0 0 -8 1 -4 -5 7 7 7
-66 105 -4 36 0 2 4 5 -2 4 -8 1 -3 0 -10 1 -6 3 -4 4 -9 0 -6 4
-227 118 -28 34 -10 -20 -6 4 -15 -10 -4 -16 -8 -13 -12 -4 -10 -6 -15 -12 -20 0 2 9
-183 120 -6 32 0 -4 1 0 -13 10 -10 6 -6 -1 -4 -2 -5 1 -3 6 3 10 4 9
29 88 -4 23 13 0 0 4 0 9 -5 6 -2 3 -3 0 -6 4 2 6 -1 5 -5 -2
-145 111 17 31 0 21 -7 3 -9 3 -7 -1 -10 -1 -1 3 -1 0 -2 1 -5 0 -9 -1
-140 117 5 36 5 11 -5 3 -7 -4 -8 3 -2 6 0 9 0 0 -8 -1 -4 -4 -10 -5
-125 95 4 23 -5 1 7 3 -2 1 -14 -5 -10 -2 -6 -3 -3 3 -4 6 -6 3 3 7
-99 67 -9 45 18 18 5 9 -1 7 2 7 0 11 -1 4 1 -1 -2 4 -6 0 -4 2
-112 91 34 -4 3 17 4 -4 8 -3 -13 -5 -10 4 8 13 9 8 -3 1 -1 1 -5 -6
-230 159 -16 49 5 11 -3 -8 -11 -1 -7 0 -5 1 -1 2 6 -2 -5 -2 -11 -6 -4 -4
-29 68 9 29 13 6 7 6 0 9 -4 9 -2 3 -1 -1 0 0 -2 2 -6 5 -4 0
-127 134 -45 36 21 -2 -7 4 -11 -2 -4 -3 -6 0 -8 0 -3 -3 -7 0 -2 0 -9 -2
-101 152 -8 26 -9 0 5 -1 -10 -10 -14 -5 -2 -2 -5 -7 -13 -5 -9 -1 -9 -1 -5 0
-73 99 -24 32 3 18 -9 8 -8 2 -7 -1 -9 2 -3 -5 -8 0 -1 2 -13 -4 -7 -5
-73 134 8 15 17 16 -3 6 -8 9 -2 12 -3 4 0 6 1 2 0 0 -4 -3 -7 -1
-150 96 12 45 -2 11 0 12 -12 9 -4 2 -5 -4 3 6 -6 3 -1 1 -4 1 -4 0
-49 105 -7 7 7 12 3 4 1 7 3 3 -5 0 -8 4 -10 4 -1 9 1 2 -6 2
-215 110 7 44 26 16 -4 1 -13 -7 -16 -18 -7 -6 -2 -10 -9 0 -6 -6 -3 0 -10 0
-25 110 -20 26 12 6 0 8 -1 11 -1 5 0 1 -9 -4 -4 -1 -6 4 -2 1 -4 -4
-224 132 17 33 10 11 1 10 -2 3 -8 0 0 2 -4 0 -2 0 -8 -4 -8 0 -1 0
-63 108 -5 12 8 13 5 10 -9 3 -6 0 5 4 -5 0 -5 -5 -3 -3 -13 -7 -5 8
-139 104 12 23 9 5 1 0 -6 3 -11 -2 -9 3 -13 2 -3 2 -2 2 -3 0 1 2
-109 102 -18 20 0 -3 2 10 0 8 -1 1 -7 0 -7 5 0 12 8 17 -3 7 0 2
-172 123 4 10 15 3 -7 7 -3 9 4 4 -1 7 0 3 -7 -1 -1 0 -5 0 -8 -4
-252 147 -1 49 26 13 10 4 -1 5 3 2 -2 0 -6 -3 -4 2 -4 -3 -8 -1 -4 -4
-126 54 9 23 -7 8 -16 3 -8 -1 -3 -3 -12 -5 -7 -2 -2 5 0 -1 -4 6 -2 0
-46 99 -10 32 -14 1 7 10 -19 -6 7 0 -7 9 -6 -4 -13 -7 -5 4 -1 15 0 -4
-200 99 -9 25 6 17 9 4 -2 0 -5 4 -13 -6 -14 -3 1 12 2 -1 -14 -11 -8 0
